REGION,SETTLEMENTDATE,TOTALDEMAND,RRP,PERIODTYPE
QLD1,2024/04/01 00:05:00,5857.74,59.66,TRADE
QLD1,2024/04/01 00:10:00,5870.65,59.75,TRADE
QLD1,2024/04/01 00:15:00,5749.58,59.21,TRADE
QLD1,2024/04/01 00:20:00,5836.45,59.60,TRADE
QLD1,2024/04/01 00:25:00,5802.74,58.49,TRADE
QLD1,2024/04/01 00:30:00,5736.04,48.75,TRADE
QLD1,2024/04/01 00:35:00,5728.87,48.75,TRADE
QLD1,2024/04/01 00:40:00,5747.15,58.04,TRADE
QLD1,2024/04/01 00:45:00,5670.18,49.77,TRADE
QLD1,2024/04/01 00:50:00,5697.95,49.73,TRADE
QLD1,2024/04/01 00:55:00,5695.79,49.72,TRADE
QLD1,2024/04/01 01:00:00,5693.89,56.40,TRADE
QLD1,2024/04/01 01:05:00,5642.7,58.13,TRADE
QLD1,2024/04/01 01:10:00,5659.29,58.10,TRADE
QLD1,2024/04/01 01:15:00,5631.07,58.44,TRADE
QLD1,2024/04/01 01:20:00,5622.01,59.55,TRADE
QLD1,2024/04/01 01:25:00,5613.25,59.55,TRADE
QLD1,2024/04/01 01:30:00,5634.04,58.01,TRADE
QLD1,2024/04/01 01:35:00,5613.2,58.38,TRADE
QLD1,2024/04/01 01:40:00,5601.25,59.75,TRADE
QLD1,2024/04/01 01:45:00,5630.51,59.75,TRADE
QLD1,2024/04/01 01:50:00,5601.14,58.32,TRADE
QLD1,2024/04/01 01:55:00,5564.57,57.93,TRADE
QLD1,2024/04/01 02:00:00,5561.08,58.28,TRADE
QLD1,2024/04/01 02:05:00,5617.14,59.55,TRADE
QLD1,2024/04/01 02:10:00,5589.57,59.75,TRADE
QLD1,2024/04/01 02:15:00,5596.31,59.55,TRADE
QLD1,2024/04/01 02:20:00,5546.91,58.26,TRADE
QLD1,2024/04/01 02:25:00,5539.71,59.55,TRADE
QLD1,2024/04/01 02:30:00,5569.47,59.75,TRADE
QLD1,2024/04/01 02:35:00,5531.81,59.75,TRADE
QLD1,2024/04/01 02:40:00,5498.01,58.20,TRADE
QLD1,2024/04/01 02:45:00,5504,58.20,TRADE
QLD1,2024/04/01 02:50:00,5490.43,59.55,TRADE
QLD1,2024/04/01 02:55:00,5541.64,59.75,TRADE
QLD1,2024/04/01 03:00:00,5540.33,59.55,TRADE
QLD1,2024/04/01 03:05:00,5531.16,59.55,TRADE
QLD1,2024/04/01 03:10:00,5533.84,58.98,TRADE
QLD1,2024/04/01 03:15:00,5496.53,58.55,TRADE
QLD1,2024/04/01 03:20:00,5572.99,59.55,TRADE
QLD1,2024/04/01 03:25:00,5518.93,59.55,TRADE
QLD1,2024/04/01 03:30:00,5556.33,59.75,TRADE
QLD1,2024/04/01 03:35:00,5521.09,59.75,TRADE
QLD1,2024/04/01 03:40:00,5485.76,59.55,TRADE
QLD1,2024/04/01 03:45:00,5466.78,59.55,TRADE
QLD1,2024/04/01 03:50:00,5482.46,50.70,TRADE
QLD1,2024/04/01 03:55:00,5486.33,50.38,TRADE
QLD1,2024/04/01 04:00:00,5466.98,49.72,TRADE
QLD1,2024/04/01 04:05:00,5510.15,57.55,TRADE
QLD1,2024/04/01 04:10:00,5531.36,59.75,TRADE
QLD1,2024/04/01 04:15:00,5545.9,58.82,TRADE
QLD1,2024/04/01 04:20:00,5565.55,59.04,TRADE
QLD1,2024/04/01 04:25:00,5516.93,58.60,TRADE
QLD1,2024/04/01 04:30:00,5547.67,59.75,TRADE
QLD1,2024/04/01 04:35:00,5528.72,58.63,TRADE
QLD1,2024/04/01 04:40:00,5478.35,59.55,TRADE
QLD1,2024/04/01 04:45:00,5481.77,58.25,TRADE
QLD1,2024/04/01 04:50:00,5472.75,59.55,TRADE
QLD1,2024/04/01 04:55:00,5530.28,59.75,TRADE
QLD1,2024/04/01 05:00:00,5529.03,61.54,TRADE
QLD1,2024/04/01 05:05:00,5565.22,61.91,TRADE
QLD1,2024/04/01 05:10:00,5572.99,62.61,TRADE
QLD1,2024/04/01 05:15:00,5600.7,76.58,TRADE
QLD1,2024/04/01 05:20:00,5534.04,62.73,TRADE
QLD1,2024/04/01 05:25:00,5596.64,85.55,TRADE
QLD1,2024/04/01 05:30:00,5566.03,59.75,TRADE
QLD1,2024/04/01 05:35:00,5526.67,58.43,TRADE
QLD1,2024/04/01 05:40:00,5537.42,58.85,TRADE
QLD1,2024/04/01 05:45:00,5535.91,58.84,TRADE
QLD1,2024/04/01 05:50:00,5567.93,58.89,TRADE
QLD1,2024/04/01 05:55:00,5567.7,58.98,TRADE
QLD1,2024/04/01 06:00:00,5584.89,58.99,TRADE
QLD1,2024/04/01 06:05:00,5617.86,59.33,TRADE
QLD1,2024/04/01 06:10:00,5636.63,59.13,TRADE
QLD1,2024/04/01 06:15:00,5671.87,59.55,TRADE
QLD1,2024/04/01 06:20:00,5683.41,59.42,TRADE
QLD1,2024/04/01 06:25:00,5703.78,61.62,TRADE
QLD1,2024/04/01 06:30:00,5680.58,59.75,TRADE
QLD1,2024/04/01 06:35:00,5608.79,59.34,TRADE
QLD1,2024/04/01 06:40:00,5632.14,62.73,TRADE
QLD1,2024/04/01 06:45:00,5617.29,61.97,TRADE
QLD1,2024/04/01 06:50:00,5593.93,59.55,TRADE
QLD1,2024/04/01 06:55:00,5559.22,57.12,TRADE
QLD1,2024/04/01 07:00:00,5561.02,50.01,TRADE
QLD1,2024/04/01 07:05:00,5569.27,48.55,TRADE
QLD1,2024/04/01 07:10:00,5482.24,48.75,TRADE
QLD1,2024/04/01 07:15:00,5459.75,48.55,TRADE
QLD1,2024/04/01 07:20:00,5479.7,38.75,TRADE
QLD1,2024/04/01 07:25:00,5412.06,0.02,TRADE
QLD1,2024/04/01 07:30:00,5379.53,0,TRADE
QLD1,2024/04/01 07:35:00,5377.24,34.75,TRADE
QLD1,2024/04/01 07:40:00,5337.12,34.75,TRADE
QLD1,2024/04/01 07:45:00,5338.72,0,TRADE
QLD1,2024/04/01 07:50:00,5253.88,-20.50,TRADE
QLD1,2024/04/01 07:55:00,5145.03,-10.76,TRADE
QLD1,2024/04/01 08:00:00,5158.46,-10.57,TRADE
QLD1,2024/04/01 08:05:00,5178.98,-13.51,TRADE
QLD1,2024/04/01 08:10:00,5164.29,9.72,TRADE
QLD1,2024/04/01 08:15:00,5178.92,25.40,TRADE
QLD1,2024/04/01 08:20:00,5195.92,0,TRADE
QLD1,2024/04/01 08:25:00,5105.73,-20.50,TRADE
QLD1,2024/04/01 08:30:00,5168.61,21.57,TRADE
QLD1,2024/04/01 08:35:00,5135.34,9.14,TRADE
QLD1,2024/04/01 08:40:00,5160.08,-8.72,TRADE
QLD1,2024/04/01 08:45:00,5187.16,0,TRADE
QLD1,2024/04/01 08:50:00,5198.08,0.02,TRADE
QLD1,2024/04/01 08:55:00,5189.88,8.17,TRADE
QLD1,2024/04/01 09:00:00,5213.3,1.82,TRADE
QLD1,2024/04/01 09:05:00,5261.41,17.25,TRADE
QLD1,2024/04/01 09:10:00,5338.93,28.14,TRADE
QLD1,2024/04/01 09:15:00,5285.55,34.75,TRADE
QLD1,2024/04/01 09:20:00,5297.45,37.05,TRADE
QLD1,2024/04/01 09:25:00,5245.89,25.11,TRADE
QLD1,2024/04/01 09:30:00,5263.3,25.43,TRADE
QLD1,2024/04/01 09:35:00,5168.74,-20.50,TRADE
QLD1,2024/04/01 09:40:00,5128.93,9.64,TRADE
QLD1,2024/04/01 09:45:00,5081.05,-9.27,TRADE
QLD1,2024/04/01 09:50:00,4989.54,-15.39,TRADE
QLD1,2024/04/01 09:55:00,4971.22,-20.50,TRADE
QLD1,2024/04/01 10:00:00,5013.61,-15.90,TRADE
QLD1,2024/04/01 10:05:00,5008.57,-19.60,TRADE
QLD1,2024/04/01 10:10:00,4955.05,-20.50,TRADE
QLD1,2024/04/01 10:15:00,5011.75,-20.50,TRADE
QLD1,2024/04/01 10:20:00,4950.12,-20.50,TRADE
QLD1,2024/04/01 10:25:00,4916.67,-35.32,TRADE
QLD1,2024/04/01 10:30:00,4939.51,-20.50,TRADE
QLD1,2024/04/01 10:35:00,4943.25,-20.20,TRADE
QLD1,2024/04/01 10:40:00,5086.35,-9.44,TRADE
QLD1,2024/04/01 10:45:00,5158.61,-9.56,TRADE
QLD1,2024/04/01 10:50:00,5094.21,-20.50,TRADE
QLD1,2024/04/01 10:55:00,5251.52,-9.57,TRADE
QLD1,2024/04/01 11:00:00,5296.54,9.26,TRADE
QLD1,2024/04/01 11:05:00,5244.45,0.98,TRADE
QLD1,2024/04/01 11:10:00,5279.87,1.84,TRADE
QLD1,2024/04/01 11:15:00,5239.34,0.97,TRADE
QLD1,2024/04/01 11:20:00,5217.97,0,TRADE
QLD1,2024/04/01 11:25:00,5300.91,4.71,TRADE
QLD1,2024/04/01 11:30:00,5276.69,22.65,TRADE
QLD1,2024/04/01 11:35:00,5240.96,-8.70,TRADE
QLD1,2024/04/01 11:40:00,5440.49,5.17,TRADE
QLD1,2024/04/01 11:45:00,5506.55,1.04,TRADE
QLD1,2024/04/01 11:50:00,5396.31,-3.10,TRADE
QLD1,2024/04/01 11:55:00,5434.04,30.95,TRADE
QLD1,2024/04/01 12:00:00,5399.22,1,TRADE
QLD1,2024/04/01 12:05:00,5462.29,1.02,TRADE
QLD1,2024/04/01 12:10:00,5491.37,7.30,TRADE
QLD1,2024/04/01 12:15:00,5599.55,25.80,TRADE
QLD1,2024/04/01 12:20:00,5637.77,26.15,TRADE
QLD1,2024/04/01 12:25:00,5692.36,34.75,TRADE
QLD1,2024/04/01 12:30:00,5726.09,26.51,TRADE
QLD1,2024/04/01 12:35:00,5741.26,26.03,TRADE
QLD1,2024/04/01 12:40:00,5702.26,25.96,TRADE
QLD1,2024/04/01 12:45:00,5825.48,0.02,TRADE
QLD1,2024/04/01 12:50:00,5747.5,22.84,TRADE
QLD1,2024/04/01 12:55:00,5755.67,26.24,TRADE
QLD1,2024/04/01 13:00:00,5716,26.08,TRADE
QLD1,2024/04/01 13:05:00,5741.08,38.55,TRADE
QLD1,2024/04/01 13:10:00,5731.26,37.95,TRADE
QLD1,2024/04/01 13:15:00,5732.47,38.75,TRADE
QLD1,2024/04/01 13:20:00,5728.63,32.99,TRADE
QLD1,2024/04/01 13:25:00,5727.46,25.64,TRADE
QLD1,2024/04/01 13:30:00,5687.58,51.17,TRADE
QLD1,2024/04/01 13:35:00,5690.63,25.63,TRADE
QLD1,2024/04/01 13:40:00,5713.94,22.65,TRADE
QLD1,2024/04/01 13:45:00,5806.75,18.57,TRADE
QLD1,2024/04/01 13:50:00,5812.24,24.78,TRADE
QLD1,2024/04/01 13:55:00,5739.79,34.75,TRADE
QLD1,2024/04/01 14:00:00,5809.33,57.28,TRADE
QLD1,2024/04/01 14:05:00,5792.81,38.75,TRADE
QLD1,2024/04/01 14:10:00,5792.17,48.55,TRADE
QLD1,2024/04/01 14:15:00,5814.03,48.55,TRADE
QLD1,2024/04/01 14:20:00,5876.53,48.55,TRADE
QLD1,2024/04/01 14:25:00,5864.53,48.55,TRADE
QLD1,2024/04/01 14:30:00,5900.67,48.55,TRADE
QLD1,2024/04/01 14:35:00,5978.46,48.75,TRADE
QLD1,2024/04/01 14:40:00,6003.9,54.79,TRADE
QLD1,2024/04/01 14:45:00,6069.22,54.85,TRADE
QLD1,2024/04/01 14:50:00,6139.07,60.33,TRADE
QLD1,2024/04/01 14:55:00,6104.37,62.73,TRADE
QLD1,2024/04/01 15:00:00,6139.54,85.41,TRADE
QLD1,2024/04/01 15:05:00,6210.46,62.73,TRADE
QLD1,2024/04/01 15:10:00,6275.3,62.73,TRADE
QLD1,2024/04/01 15:15:00,6291.25,54.74,TRADE
QLD1,2024/04/01 15:20:00,6264.58,54.05,TRADE
QLD1,2024/04/01 15:25:00,6386.56,59.55,TRADE
QLD1,2024/04/01 15:30:00,6399.55,59.75,TRADE
QLD1,2024/04/01 15:35:00,6411.41,51.14,TRADE
QLD1,2024/04/01 15:40:00,6418.68,48.55,TRADE
QLD1,2024/04/01 15:45:00,6505.97,60.66,TRADE
QLD1,2024/04/01 15:50:00,6643.86,85.27,TRADE
QLD1,2024/04/01 15:55:00,6662.04,77.89,TRADE
QLD1,2024/04/01 16:00:00,6605.29,63.17,TRADE
QLD1,2024/04/01 16:05:00,6717.83,49.99,TRADE
QLD1,2024/04/01 16:10:00,6699.61,65.90,TRADE
QLD1,2024/04/01 16:15:00,6735.99,90.45,TRADE
QLD1,2024/04/01 16:20:00,6772.78,90.60,TRADE
QLD1,2024/04/01 16:25:00,6817.13,85.55,TRADE
QLD1,2024/04/01 16:30:00,6924.96,71.94,TRADE
QLD1,2024/04/01 16:35:00,6978.59,67.93,TRADE
QLD1,2024/04/01 16:40:00,7034.24,85.55,TRADE
QLD1,2024/04/01 16:45:00,7069.94,91.95,TRADE
QLD1,2024/04/01 16:50:00,7140.7,97.90,TRADE
QLD1,2024/04/01 16:55:00,7109.59,101.28,TRADE
QLD1,2024/04/01 17:00:00,7241.86,145.29,TRADE
QLD1,2024/04/01 17:05:00,7210.41,106.80,TRADE
QLD1,2024/04/01 17:10:00,7292.32,97.90,TRADE
QLD1,2024/04/01 17:15:00,7387.51,98.26,TRADE
QLD1,2024/04/01 17:20:00,7431.44,113.01,TRADE
QLD1,2024/04/01 17:25:00,7485.86,132.83,TRADE
QLD1,2024/04/01 17:30:00,7606.61,142.57,TRADE
QLD1,2024/04/01 17:35:00,7552.57,113.01,TRADE
QLD1,2024/04/01 17:40:00,7556.24,133.01,TRADE
QLD1,2024/04/01 17:45:00,7638.41,133.01,TRADE
QLD1,2024/04/01 17:50:00,7619.09,121.49,TRADE
QLD1,2024/04/01 17:55:00,7666.29,115.75,TRADE
QLD1,2024/04/01 18:00:00,7699.95,121.63,TRADE
QLD1,2024/04/01 18:05:00,7717.64,97.90,TRADE
QLD1,2024/04/01 18:10:00,7688.38,103.22,TRADE
QLD1,2024/04/01 18:15:00,7705.39,99.32,TRADE
QLD1,2024/04/01 18:20:00,7650.93,96.01,TRADE
QLD1,2024/04/01 18:25:00,7679.41,103.16,TRADE
QLD1,2024/04/01 18:30:00,7670.34,113.01,TRADE
QLD1,2024/04/01 18:35:00,7728.13,105.79,TRADE
QLD1,2024/04/01 18:40:00,7707.29,113.01,TRADE
QLD1,2024/04/01 18:45:00,7661.71,96.01,TRADE
QLD1,2024/04/01 18:50:00,7645.27,97.90,TRADE
QLD1,2024/04/01 18:55:00,7571.98,96.01,TRADE
QLD1,2024/04/01 19:00:00,7600.13,92.50,TRADE
QLD1,2024/04/01 19:05:00,7481.32,97.90,TRADE
QLD1,2024/04/01 19:10:00,7427.04,96.01,TRADE
QLD1,2024/04/01 19:15:00,7465.94,97.90,TRADE
QLD1,2024/04/01 19:20:00,7424.45,96.01,TRADE
QLD1,2024/04/01 19:25:00,7332.5,85.85,TRADE
QLD1,2024/04/01 19:30:00,7308.01,85.55,TRADE
QLD1,2024/04/01 19:35:00,7344.92,88.40,TRADE
QLD1,2024/04/01 19:40:00,7210.03,86.33,TRADE
QLD1,2024/04/01 19:45:00,7214.3,86.55,TRADE
QLD1,2024/04/01 19:50:00,7268.27,87.10,TRADE
QLD1,2024/04/01 19:55:00,7213.97,85.55,TRADE
QLD1,2024/04/01 20:00:00,7151.23,75.21,TRADE
QLD1,2024/04/01 20:05:00,7094.34,85.62,TRADE
QLD1,2024/04/01 20:10:00,7062.23,96.95,TRADE
QLD1,2024/04/01 20:15:00,7017.83,86.07,TRADE
QLD1,2024/04/01 20:20:00,7018.07,76.91,TRADE
QLD1,2024/04/01 20:25:00,7013.38,79.20,TRADE
QLD1,2024/04/01 20:30:00,6953.71,74.86,TRADE
QLD1,2024/04/01 20:35:00,6922.7,75.27,TRADE
QLD1,2024/04/01 20:40:00,6858.52,62.59,TRADE
QLD1,2024/04/01 20:45:00,6877.3,70.27,TRADE
QLD1,2024/04/01 20:50:00,6837.04,73.74,TRADE
QLD1,2024/04/01 20:55:00,6747.11,58.98,TRADE
QLD1,2024/04/01 21:00:00,6737.36,59.55,TRADE
QLD1,2024/04/01 21:05:00,6708.81,56.11,TRADE
QLD1,2024/04/01 21:10:00,6819.05,59.75,TRADE
QLD1,2024/04/01 21:15:00,6717.03,59.55,TRADE
QLD1,2024/04/01 21:20:00,6663.9,62.73,TRADE
QLD1,2024/04/01 21:25:00,6626.01,62.01,TRADE
QLD1,2024/04/01 21:30:00,6565.74,59.75,TRADE
QLD1,2024/04/01 21:35:00,6567.36,76.40,TRADE
QLD1,2024/04/01 21:40:00,6551.2,77.22,TRADE
QLD1,2024/04/01 21:45:00,6525.7,74.36,TRADE
QLD1,2024/04/01 21:50:00,6466.02,59.75,TRADE
QLD1,2024/04/01 21:55:00,6474.19,58.12,TRADE
QLD1,2024/04/01 22:00:00,6458.85,58.43,TRADE
QLD1,2024/04/01 22:05:00,6373.01,89.88,TRADE
QLD1,2024/04/01 22:10:00,6412.87,100.55,TRADE
QLD1,2024/04/01 22:15:00,6482.11,92.34,TRADE
QLD1,2024/04/01 22:20:00,6457.29,85.75,TRADE
QLD1,2024/04/01 22:25:00,6496.17,96.01,TRADE
QLD1,2024/04/01 22:30:00,6450.85,92.24,TRADE
QLD1,2024/04/01 22:35:00,6435.38,85.75,TRADE
QLD1,2024/04/01 22:40:00,6373.63,85.55,TRADE
QLD1,2024/04/01 22:45:00,6379.47,61.68,TRADE
QLD1,2024/04/01 22:50:00,6348.99,82.65,TRADE
QLD1,2024/04/01 22:55:00,6262.26,79.38,TRADE
QLD1,2024/04/01 23:00:00,6254.78,79.90,TRADE
QLD1,2024/04/01 23:05:00,6118.79,62.40,TRADE
QLD1,2024/04/01 23:10:00,6200.05,78.50,TRADE
QLD1,2024/04/01 23:15:00,6164.46,62.84,TRADE
QLD1,2024/04/01 23:20:00,6131.34,59.55,TRADE
QLD1,2024/04/01 23:25:00,6083.18,59.55,TRADE
QLD1,2024/04/01 23:30:00,6092.29,63.16,TRADE
QLD1,2024/04/01 23:35:00,6023.08,59.75,TRADE
QLD1,2024/04/01 23:40:00,6022.07,65.90,TRADE
QLD1,2024/04/01 23:45:00,6002.38,59.75,TRADE
QLD1,2024/04/01 23:50:00,5959.65,59.55,TRADE
QLD1,2024/04/01 23:55:00,5996.7,61.92,TRADE
QLD1,2024/04/02 00:00:00,5910.28,57.20,TRADE
QLD1,2024/04/02 00:05:00,5835.87,61.17,TRADE
QLD1,2024/04/02 00:10:00,5901.99,76.93,TRADE
QLD1,2024/04/02 00:15:00,5846.2,59.55,TRADE
QLD1,2024/04/02 00:20:00,5786.62,57.44,TRADE
QLD1,2024/04/02 00:25:00,5759.51,56.02,TRADE
QLD1,2024/04/02 00:30:00,5734.58,50.69,TRADE
QLD1,2024/04/02 00:35:00,5711.03,48.75,TRADE
QLD1,2024/04/02 00:40:00,5749.12,55.88,TRADE
QLD1,2024/04/02 00:45:00,5732.35,48.75,TRADE
QLD1,2024/04/02 00:50:00,5781.56,48.75,TRADE
QLD1,2024/04/02 00:55:00,5694.05,48.75,TRADE
QLD1,2024/04/02 01:00:00,5687.09,39.69,TRADE
QLD1,2024/04/02 01:05:00,5642.51,38.55,TRADE
QLD1,2024/04/02 01:10:00,5621.3,38.55,TRADE
QLD1,2024/04/02 01:15:00,5619.9,38.55,TRADE
QLD1,2024/04/02 01:20:00,5585.42,38.55,TRADE
QLD1,2024/04/02 01:25:00,5687.36,38.75,TRADE
QLD1,2024/04/02 01:30:00,5599.54,38.55,TRADE
QLD1,2024/04/02 01:35:00,5571.93,38.55,TRADE
QLD1,2024/04/02 01:40:00,5615.26,39.35,TRADE
QLD1,2024/04/02 01:45:00,5660.13,38.75,TRADE
QLD1,2024/04/02 01:50:00,5630.09,38.55,TRADE
QLD1,2024/04/02 01:55:00,5596.38,34.75,TRADE
QLD1,2024/04/02 02:00:00,5581.44,34.75,TRADE
QLD1,2024/04/02 02:05:00,5631.25,38.55,TRADE
QLD1,2024/04/02 02:10:00,5576.94,35.85,TRADE
QLD1,2024/04/02 02:15:00,5578.25,34.75,TRADE
QLD1,2024/04/02 02:20:00,5599.96,36.33,TRADE
QLD1,2024/04/02 02:25:00,5601.11,38.55,TRADE
QLD1,2024/04/02 02:30:00,5548.39,35.85,TRADE
QLD1,2024/04/02 02:35:00,5478.24,34.75,TRADE
QLD1,2024/04/02 02:40:00,5532.34,34.75,TRADE
QLD1,2024/04/02 02:45:00,5511.59,37.62,TRADE
QLD1,2024/04/02 02:50:00,5556.13,38.55,TRADE
QLD1,2024/04/02 02:55:00,5491.85,35.63,TRADE
QLD1,2024/04/02 03:00:00,5508.09,35.63,TRADE
QLD1,2024/04/02 03:05:00,5551.58,38.75,TRADE
QLD1,2024/04/02 03:10:00,5505.75,38.55,TRADE
QLD1,2024/04/02 03:15:00,5539.29,38.55,TRADE
QLD1,2024/04/02 03:20:00,5600.16,39.51,TRADE
QLD1,2024/04/02 03:25:00,5547.34,38.75,TRADE
QLD1,2024/04/02 03:30:00,5567.48,38.75,TRADE
QLD1,2024/04/02 03:35:00,5574.52,38.75,TRADE
QLD1,2024/04/02 03:40:00,5578.19,38.75,TRADE
QLD1,2024/04/02 03:45:00,5572.42,39.23,TRADE
QLD1,2024/04/02 03:50:00,5597.21,39.26,TRADE
QLD1,2024/04/02 03:55:00,5594.82,39.34,TRADE
QLD1,2024/04/02 04:00:00,5583.87,38.75,TRADE
QLD1,2024/04/02 04:05:00,5585.44,38.75,TRADE
QLD1,2024/04/02 04:10:00,5589.4,38.75,TRADE
QLD1,2024/04/02 04:15:00,5683.87,48.55,TRADE
QLD1,2024/04/02 04:20:00,5650.85,38.55,TRADE
QLD1,2024/04/02 04:25:00,5632.12,38.55,TRADE
QLD1,2024/04/02 04:30:00,5627.91,38.55,TRADE
QLD1,2024/04/02 04:35:00,5633.99,35.11,TRADE
QLD1,2024/04/02 04:40:00,5708.15,37.27,TRADE
QLD1,2024/04/02 04:45:00,5683.04,34.75,TRADE
QLD1,2024/04/02 04:50:00,5764.22,34.75,TRADE
QLD1,2024/04/02 04:55:00,5723.75,38.55,TRADE
QLD1,2024/04/02 05:00:00,5778.12,38.75,TRADE
QLD1,2024/04/02 05:05:00,5890.61,48.55,TRADE
QLD1,2024/04/02 05:10:00,5859,48.55,TRADE
QLD1,2024/04/02 05:15:00,5834.19,48.75,TRADE
QLD1,2024/04/02 05:20:00,5928.54,60.36,TRADE
QLD1,2024/04/02 05:25:00,5923.83,48.75,TRADE
QLD1,2024/04/02 05:30:00,5909.26,48.75,TRADE
QLD1,2024/04/02 05:35:00,5962.39,59.55,TRADE
QLD1,2024/04/02 05:40:00,5967.54,59.75,TRADE
QLD1,2024/04/02 05:45:00,6072.34,61.97,TRADE
QLD1,2024/04/02 05:50:00,6047.35,61.48,TRADE
QLD1,2024/04/02 05:55:00,6032.55,61.42,TRADE
QLD1,2024/04/02 06:00:00,6122.22,62.06,TRADE
QLD1,2024/04/02 06:05:00,6093.78,62.04,TRADE
QLD1,2024/04/02 06:10:00,6191.82,85.55,TRADE
QLD1,2024/04/02 06:15:00,6259.95,85.55,TRADE
QLD1,2024/04/02 06:20:00,6258.6,85.55,TRADE
QLD1,2024/04/02 06:25:00,6291.98,63.10,TRADE
QLD1,2024/04/02 06:30:00,6299.15,62.35,TRADE
QLD1,2024/04/02 06:35:00,6339.9,62.31,TRADE
QLD1,2024/04/02 06:40:00,6301.21,81.76,TRADE
QLD1,2024/04/02 06:45:00,6290.81,59.55,TRADE
QLD1,2024/04/02 06:50:00,6341.79,60.44,TRADE
QLD1,2024/04/02 06:55:00,6312.97,55.05,TRADE
QLD1,2024/04/02 07:00:00,6318.86,52.13,TRADE
QLD1,2024/04/02 07:05:00,6311.81,50.64,TRADE
QLD1,2024/04/02 07:10:00,6262.43,48.55,TRADE
QLD1,2024/04/02 07:15:00,6229.1,48.77,TRADE
QLD1,2024/04/02 07:20:00,6127.96,46.70,TRADE
QLD1,2024/04/02 07:25:00,6136.49,34.75,TRADE
QLD1,2024/04/02 07:30:00,6126.57,38.55,TRADE
QLD1,2024/04/02 07:35:00,5991.34,10.61,TRADE
QLD1,2024/04/02 07:40:00,6006.83,36.41,TRADE
QLD1,2024/04/02 07:45:00,5996.64,38.48,TRADE
QLD1,2024/04/02 07:50:00,5934.82,19.60,TRADE
QLD1,2024/04/02 07:55:00,5783.96,8.91,TRADE
QLD1,2024/04/02 08:00:00,5819.45,23.09,TRADE
QLD1,2024/04/02 08:05:00,5741,22.98,TRADE
QLD1,2024/04/02 08:10:00,5694.56,34.75,TRADE
QLD1,2024/04/02 08:15:00,5716.16,37.55,TRADE
QLD1,2024/04/02 08:20:00,5665.11,25.70,TRADE
QLD1,2024/04/02 08:25:00,5604.55,32.97,TRADE
QLD1,2024/04/02 08:30:00,5578.39,36.26,TRADE
QLD1,2024/04/02 08:35:00,5511.66,18.39,TRADE
QLD1,2024/04/02 08:40:00,5527.83,22.62,TRADE
QLD1,2024/04/02 08:45:00,5485.01,12.11,TRADE
QLD1,2024/04/02 08:50:00,5438.48,-20.50,TRADE
QLD1,2024/04/02 08:55:00,5358.77,-20.50,TRADE
QLD1,2024/04/02 09:00:00,5298.65,-20.50,TRADE
QLD1,2024/04/02 09:05:00,5358.58,-0.01,TRADE
QLD1,2024/04/02 09:10:00,5234.24,-10.40,TRADE
QLD1,2024/04/02 09:15:00,5246.25,-20.50,TRADE
QLD1,2024/04/02 09:20:00,5288.43,-20.50,TRADE
QLD1,2024/04/02 09:25:00,5279.68,-20.50,TRADE
QLD1,2024/04/02 09:30:00,5344.5,-20.50,TRADE
QLD1,2024/04/02 09:35:00,5360.62,-8.70,TRADE
QLD1,2024/04/02 09:40:00,5397.71,5.30,TRADE
QLD1,2024/04/02 09:45:00,5418.98,-8.70,TRADE
QLD1,2024/04/02 09:50:00,5424.98,5.30,TRADE
QLD1,2024/04/02 09:55:00,5459.03,22.74,TRADE
QLD1,2024/04/02 10:00:00,5488.54,11.07,TRADE
QLD1,2024/04/02 10:05:00,5454.84,38.55,TRADE
QLD1,2024/04/02 10:10:00,5466.76,38.55,TRADE
QLD1,2024/04/02 10:15:00,5530.32,38.55,TRADE
QLD1,2024/04/02 10:20:00,5491.65,38.55,TRADE
QLD1,2024/04/02 10:25:00,5460.77,34.75,TRADE
QLD1,2024/04/02 10:30:00,5459.9,38.55,TRADE
QLD1,2024/04/02 10:35:00,5449.23,36.63,TRADE
QLD1,2024/04/02 10:40:00,5557.84,38.75,TRADE
QLD1,2024/04/02 10:45:00,5589.43,38.75,TRADE
QLD1,2024/04/02 10:50:00,5611.59,43.68,TRADE
QLD1,2024/04/02 10:55:00,5701.84,51.19,TRADE
QLD1,2024/04/02 11:00:00,5724.04,48.55,TRADE
QLD1,2024/04/02 11:05:00,5585.9,36.63,TRADE
QLD1,2024/04/02 11:10:00,5657.01,38.75,TRADE
QLD1,2024/04/02 11:15:00,5647.35,38.75,TRADE
QLD1,2024/04/02 11:20:00,5544.86,38.55,TRADE
QLD1,2024/04/02 11:25:00,5622.81,38.55,TRADE
QLD1,2024/04/02 11:30:00,5595.46,38.75,TRADE
QLD1,2024/04/02 11:35:00,5615.42,38.75,TRADE
QLD1,2024/04/02 11:40:00,5728.16,38.55,TRADE
QLD1,2024/04/02 11:45:00,5716.1,38.55,TRADE
QLD1,2024/04/02 11:50:00,5802.68,38.75,TRADE
QLD1,2024/04/02 11:55:00,5820.41,38.75,TRADE
QLD1,2024/04/02 12:00:00,5786.04,38.75,TRADE
QLD1,2024/04/02 12:05:00,5710.47,38.75,TRADE
QLD1,2024/04/02 12:10:00,5768.83,38.75,TRADE
QLD1,2024/04/02 12:15:00,5719.16,38.55,TRADE
QLD1,2024/04/02 12:20:00,5700.07,38.55,TRADE
QLD1,2024/04/02 12:25:00,5663.09,36.63,TRADE
QLD1,2024/04/02 12:30:00,5658.41,34.75,TRADE
QLD1,2024/04/02 12:35:00,5579.73,-10.40,TRADE
QLD1,2024/04/02 12:40:00,5589.61,34.75,TRADE
QLD1,2024/04/02 12:45:00,5635.13,22.44,TRADE
QLD1,2024/04/02 12:50:00,5558.36,-8.70,TRADE
QLD1,2024/04/02 12:55:00,5592.06,20.09,TRADE
QLD1,2024/04/02 13:00:00,5595.19,38.55,TRADE
QLD1,2024/04/02 13:05:00,5576.71,68.49,TRADE
QLD1,2024/04/02 13:10:00,5695.14,38.75,TRADE
QLD1,2024/04/02 13:15:00,5661.62,34.75,TRADE
QLD1,2024/04/02 13:20:00,5671.65,38.55,TRADE
QLD1,2024/04/02 13:25:00,5691.4,38.75,TRADE
QLD1,2024/04/02 13:30:00,5694.59,34.75,TRADE
QLD1,2024/04/02 13:35:00,5721.16,0.97,TRADE
QLD1,2024/04/02 13:40:00,5611.26,-20.50,TRADE
QLD1,2024/04/02 13:45:00,5643.83,-20.50,TRADE
QLD1,2024/04/02 13:50:00,5699.2,21.57,TRADE
QLD1,2024/04/02 13:55:00,5663.99,34.75,TRADE
QLD1,2024/04/02 14:00:00,5742.38,-20.50,TRADE
QLD1,2024/04/02 14:05:00,5779.63,-20.50,TRADE
QLD1,2024/04/02 14:10:00,5828.83,-20.50,TRADE
QLD1,2024/04/02 14:15:00,5906.01,-20.50,TRADE
QLD1,2024/04/02 14:20:00,5965.17,-20.50,TRADE
QLD1,2024/04/02 14:25:00,5985.94,-20.50,TRADE
QLD1,2024/04/02 14:30:00,6065.52,-20.50,TRADE
QLD1,2024/04/02 14:35:00,6057.1,-20.50,TRADE
QLD1,2024/04/02 14:40:00,6127.61,-20.50,TRADE
QLD1,2024/04/02 14:45:00,6220.76,-20.50,TRADE
QLD1,2024/04/02 14:50:00,6265.83,1.13,TRADE
QLD1,2024/04/02 14:55:00,6354.43,0,TRADE
QLD1,2024/04/02 15:00:00,6357.61,38.55,TRADE
QLD1,2024/04/02 15:05:00,6468.2,21.57,TRADE
QLD1,2024/04/02 15:10:00,6506.5,-8.70,TRADE
QLD1,2024/04/02 15:15:00,6598.25,5.30,TRADE
QLD1,2024/04/02 15:20:00,6614.08,39.66,TRADE
QLD1,2024/04/02 15:25:00,6734.94,48.55,TRADE
QLD1,2024/04/02 15:30:00,6818.57,59.55,TRADE
QLD1,2024/04/02 15:35:00,6946.3,51.01,TRADE
QLD1,2024/04/02 15:40:00,7046.42,17,TRADE
QLD1,2024/04/02 15:45:00,7084.17,38.55,TRADE
QLD1,2024/04/02 15:50:00,7098.33,38.55,TRADE
QLD1,2024/04/02 15:55:00,7106.32,38.55,TRADE
QLD1,2024/04/02 16:00:00,7181.27,42.87,TRADE
QLD1,2024/04/02 16:05:00,7302.56,11.76,TRADE
QLD1,2024/04/02 16:10:00,7376.14,27.87,TRADE
QLD1,2024/04/02 16:15:00,7446.62,34.75,TRADE
QLD1,2024/04/02 16:20:00,7480.4,38.55,TRADE
QLD1,2024/04/02 16:25:00,7564.72,53.75,TRADE
QLD1,2024/04/02 16:30:00,7643.63,48.75,TRADE
QLD1,2024/04/02 16:35:00,7695.34,75.55,TRADE
QLD1,2024/04/02 16:40:00,7764.55,66.68,TRADE
QLD1,2024/04/02 16:45:00,7929.93,81.34,TRADE
QLD1,2024/04/02 16:50:00,7975.09,59.75,TRADE
QLD1,2024/04/02 16:55:00,8034.9,62.73,TRADE
QLD1,2024/04/02 17:00:00,8022.45,85.55,TRADE
QLD1,2024/04/02 17:05:00,8044.36,59.55,TRADE
QLD1,2024/04/02 17:10:00,8093.98,59.75,TRADE
QLD1,2024/04/02 17:15:00,8152.14,85.55,TRADE
QLD1,2024/04/02 17:20:00,8183.91,97.90,TRADE
QLD1,2024/04/02 17:25:00,8250.55,115.75,TRADE
QLD1,2024/04/02 17:30:00,8331.54,138.98,TRADE
QLD1,2024/04/02 17:35:00,8288.49,138.98,TRADE
QLD1,2024/04/02 17:40:00,8289.53,152.07,TRADE
QLD1,2024/04/02 17:45:00,8207.46,136.27,TRADE
QLD1,2024/04/02 17:50:00,8300.83,250.01,TRADE
QLD1,2024/04/02 17:55:00,8259.12,138.98,TRADE
QLD1,2024/04/02 18:00:00,8291.26,250.01,TRADE
QLD1,2024/04/02 18:05:00,8239.38,138.98,TRADE
QLD1,2024/04/02 18:10:00,8282.51,194.01,TRADE
QLD1,2024/04/02 18:15:00,8275.01,194.01,TRADE
QLD1,2024/04/02 18:20:00,8309.99,250.01,TRADE
QLD1,2024/04/02 18:25:00,8282.57,138.98,TRADE
QLD1,2024/04/02 18:30:00,8289.13,115.75,TRADE
QLD1,2024/04/02 18:35:00,8404.25,145.90,TRADE
QLD1,2024/04/02 18:40:00,8356.65,138.98,TRADE
QLD1,2024/04/02 18:45:00,8240.65,99.32,TRADE
QLD1,2024/04/02 18:50:00,8281.96,138.98,TRADE
QLD1,2024/04/02 18:55:00,8216.24,100.53,TRADE
QLD1,2024/04/02 19:00:00,8195.38,99.32,TRADE
QLD1,2024/04/02 19:05:00,8137.51,99.32,TRADE
QLD1,2024/04/02 19:10:00,8057.64,97.90,TRADE
QLD1,2024/04/02 19:15:00,8015.91,97.90,TRADE
QLD1,2024/04/02 19:20:00,7931.93,97.90,TRADE
QLD1,2024/04/02 19:25:00,7870.23,90.67,TRADE
QLD1,2024/04/02 19:30:00,7883,91.36,TRADE
QLD1,2024/04/02 19:35:00,7944.4,108.97,TRADE
QLD1,2024/04/02 19:40:00,7808.46,95.98,TRADE
QLD1,2024/04/02 19:45:00,7806.65,95.33,TRADE
QLD1,2024/04/02 19:50:00,7721.79,74.61,TRADE
QLD1,2024/04/02 19:55:00,7749.19,85.55,TRADE
QLD1,2024/04/02 20:00:00,7689.16,75.86,TRADE
QLD1,2024/04/02 20:05:00,7674.1,93.77,TRADE
QLD1,2024/04/02 20:10:00,7717.6,95.05,TRADE
QLD1,2024/04/02 20:15:00,7630.86,79.84,TRADE
QLD1,2024/04/02 20:20:00,7592.14,73.80,TRADE
QLD1,2024/04/02 20:25:00,7484.67,74.10,TRADE
QLD1,2024/04/02 20:30:00,7518.1,74.32,TRADE
QLD1,2024/04/02 20:35:00,7389.87,84.32,TRADE
QLD1,2024/04/02 20:40:00,7353.41,71.24,TRADE
QLD1,2024/04/02 20:45:00,7340.15,68.54,TRADE
QLD1,2024/04/02 20:50:00,7296.41,66.85,TRADE
QLD1,2024/04/02 20:55:00,7263.42,66.08,TRADE
QLD1,2024/04/02 21:00:00,7288.98,70.89,TRADE
QLD1,2024/04/02 21:05:00,7186.32,60.08,TRADE
QLD1,2024/04/02 21:10:00,7244.58,85.55,TRADE
QLD1,2024/04/02 21:15:00,7154.22,92.72,TRADE
QLD1,2024/04/02 21:20:00,7201.69,95.13,TRADE
QLD1,2024/04/02 21:25:00,7051.16,92.81,TRADE
QLD1,2024/04/02 21:30:00,7001.26,92.16,TRADE
QLD1,2024/04/02 21:35:00,6944.49,103.35,TRADE
QLD1,2024/04/02 21:40:00,6886.8,94.48,TRADE
QLD1,2024/04/02 21:45:00,6894.29,93.51,TRADE
QLD1,2024/04/02 21:50:00,6815.67,91.84,TRADE
QLD1,2024/04/02 21:55:00,6802.2,85.55,TRADE
QLD1,2024/04/02 22:00:00,6742.95,85.55,TRADE
QLD1,2024/04/02 22:05:00,6731.42,94.50,TRADE
QLD1,2024/04/02 22:10:00,6678.54,100.55,TRADE
QLD1,2024/04/02 22:15:00,6698.23,100.55,TRADE
QLD1,2024/04/02 22:20:00,6668.99,97.90,TRADE
QLD1,2024/04/02 22:25:00,6654.23,97.51,TRADE
QLD1,2024/04/02 22:30:00,6509.64,96.36,TRADE
QLD1,2024/04/02 22:35:00,6532.06,100.55,TRADE
QLD1,2024/04/02 22:40:00,6627.02,116.62,TRADE
QLD1,2024/04/02 22:45:00,6613.49,100.55,TRADE
QLD1,2024/04/02 22:50:00,6484.86,95.05,TRADE
QLD1,2024/04/02 22:55:00,6544.29,95.75,TRADE
QLD1,2024/04/02 23:00:00,6482.3,85.75,TRADE
QLD1,2024/04/02 23:05:00,6339.38,85.55,TRADE
QLD1,2024/04/02 23:10:00,6360.55,108.12,TRADE
QLD1,2024/04/02 23:15:00,6378.77,98.03,TRADE
QLD1,2024/04/02 23:20:00,6381.81,92.71,TRADE
QLD1,2024/04/02 23:25:00,6350.79,85.75,TRADE
QLD1,2024/04/02 23:30:00,6246.92,62.31,TRADE
QLD1,2024/04/02 23:35:00,6259.07,85.55,TRADE
QLD1,2024/04/02 23:40:00,6242.48,76.50,TRADE
QLD1,2024/04/02 23:45:00,6179.41,61.27,TRADE
QLD1,2024/04/02 23:50:00,6234.77,61.73,TRADE
QLD1,2024/04/02 23:55:00,6257.42,77.33,TRADE
QLD1,2024/04/03 00:00:00,6157.09,59.75,TRADE
QLD1,2024/04/03 00:05:00,6131.46,60.39,TRADE
QLD1,2024/04/03 00:10:00,6105.98,79.68,TRADE
QLD1,2024/04/03 00:15:00,6140.09,80.70,TRADE
QLD1,2024/04/03 00:20:00,6111.73,73.82,TRADE
QLD1,2024/04/03 00:25:00,6031.9,59.93,TRADE
QLD1,2024/04/03 00:30:00,5980.39,62.73,TRADE
QLD1,2024/04/03 00:35:00,6009.37,59.95,TRADE
QLD1,2024/04/03 00:40:00,6017.82,62.73,TRADE
QLD1,2024/04/03 00:45:00,5964.48,62.73,TRADE
QLD1,2024/04/03 00:50:00,5899.97,59.75,TRADE
QLD1,2024/04/03 00:55:00,5855.68,59.55,TRADE
QLD1,2024/04/03 01:00:00,5833.23,62.73,TRADE
QLD1,2024/04/03 01:05:00,5839.72,62.73,TRADE
QLD1,2024/04/03 01:10:00,5847.1,62.73,TRADE
QLD1,2024/04/03 01:15:00,5903.35,62.73,TRADE
QLD1,2024/04/03 01:20:00,5794.98,59.55,TRADE
QLD1,2024/04/03 01:25:00,5782.21,59.75,TRADE
QLD1,2024/04/03 01:30:00,5817.41,62.73,TRADE
QLD1,2024/04/03 01:35:00,5829.86,71.09,TRADE
QLD1,2024/04/03 01:40:00,5799.2,67.72,TRADE
QLD1,2024/04/03 01:45:00,5787.92,68.37,TRADE
QLD1,2024/04/03 01:50:00,5689.07,64.77,TRADE
QLD1,2024/04/03 01:55:00,5771.7,65.99,TRADE
QLD1,2024/04/03 02:00:00,5825.93,62.73,TRADE
QLD1,2024/04/03 02:05:00,5765.36,62.73,TRADE
QLD1,2024/04/03 02:10:00,5704.18,75.77,TRADE
QLD1,2024/04/03 02:15:00,5735.36,76.29,TRADE
QLD1,2024/04/03 02:20:00,5687.87,75.33,TRADE
QLD1,2024/04/03 02:25:00,5762.59,77.20,TRADE
QLD1,2024/04/03 02:30:00,5728.72,82.21,TRADE
QLD1,2024/04/03 02:35:00,5730.28,85.55,TRADE
QLD1,2024/04/03 02:40:00,5721.68,76.23,TRADE
QLD1,2024/04/03 02:45:00,5665.62,62.73,TRADE
QLD1,2024/04/03 02:50:00,5668.15,62.73,TRADE
QLD1,2024/04/03 02:55:00,5711.86,68.12,TRADE
QLD1,2024/04/03 03:00:00,5666.43,67.45,TRADE
QLD1,2024/04/03 03:05:00,5700.4,69.14,TRADE
QLD1,2024/04/03 03:10:00,5659.75,75.64,TRADE
QLD1,2024/04/03 03:15:00,5709.63,85.55,TRADE
QLD1,2024/04/03 03:20:00,5749.85,85.55,TRADE
QLD1,2024/04/03 03:25:00,5684.92,80.62,TRADE
QLD1,2024/04/03 03:30:00,5713.08,77.13,TRADE
QLD1,2024/04/03 03:35:00,5648.71,76.60,TRADE
QLD1,2024/04/03 03:40:00,5685.96,77.15,TRADE
QLD1,2024/04/03 03:45:00,5726.88,77.68,TRADE
QLD1,2024/04/03 03:50:00,5736.7,81.74,TRADE
QLD1,2024/04/03 03:55:00,5708.96,85.55,TRADE
QLD1,2024/04/03 04:00:00,5742.69,85.55,TRADE
QLD1,2024/04/03 04:05:00,5776.59,86.97,TRADE
QLD1,2024/04/03 04:10:00,5814.21,94.56,TRADE
QLD1,2024/04/03 04:15:00,5830,90.33,TRADE
QLD1,2024/04/03 04:20:00,5847.38,88.29,TRADE
QLD1,2024/04/03 04:25:00,5849.99,95.61,TRADE
QLD1,2024/04/03 04:30:00,5893.44,96.29,TRADE
QLD1,2024/04/03 04:35:00,5801.84,85.55,TRADE
QLD1,2024/04/03 04:40:00,5862.13,85.88,TRADE
QLD1,2024/04/03 04:45:00,5899.45,87.35,TRADE
QLD1,2024/04/03 04:50:00,5974.31,99.70,TRADE
QLD1,2024/04/03 04:55:00,6007.66,100.43,TRADE
QLD1,2024/04/03 05:00:00,5985.59,90.57,TRADE
QLD1,2024/04/03 05:05:00,6055.8,91.90,TRADE
QLD1,2024/04/03 05:10:00,6063.64,87.85,TRADE
QLD1,2024/04/03 05:15:00,6111,99.32,TRADE
QLD1,2024/04/03 05:20:00,6059.28,98.98,TRADE
QLD1,2024/04/03 05:25:00,6115.74,100.48,TRADE
QLD1,2024/04/03 05:30:00,6097.75,100.55,TRADE
QLD1,2024/04/03 05:35:00,6163.73,100.55,TRADE
QLD1,2024/04/03 05:40:00,6182.66,105.64,TRADE
QLD1,2024/04/03 05:45:00,6265.58,109.69,TRADE
QLD1,2024/04/03 05:50:00,6306.16,118.18,TRADE
QLD1,2024/04/03 05:55:00,6321.96,118.32,TRADE
QLD1,2024/04/03 06:00:00,6263.34,116.77,TRADE
QLD1,2024/04/03 06:05:00,6319.93,105.23,TRADE
QLD1,2024/04/03 06:10:00,6348.56,116.30,TRADE
QLD1,2024/04/03 06:15:00,6429.78,137.20,TRADE
QLD1,2024/04/03 06:20:00,6485.24,145.47,TRADE
QLD1,2024/04/03 06:25:00,6504.5,128.51,TRADE
QLD1,2024/04/03 06:30:00,6460.3,121.29,TRADE
QLD1,2024/04/03 06:35:00,6456.72,109.17,TRADE
QLD1,2024/04/03 06:40:00,6456.67,112.24,TRADE
QLD1,2024/04/03 06:45:00,6447.8,100.55,TRADE
QLD1,2024/04/03 06:50:00,6448.51,85.55,TRADE
QLD1,2024/04/03 06:55:00,6432.96,85.69,TRADE
QLD1,2024/04/03 07:00:00,6373.07,82.09,TRADE
QLD1,2024/04/03 07:05:00,6430.08,57.95,TRADE
QLD1,2024/04/03 07:10:00,6329.44,59.75,TRADE
QLD1,2024/04/03 07:15:00,6342.16,55.07,TRADE
QLD1,2024/04/03 07:20:00,6324.84,59.55,TRADE
QLD1,2024/04/03 07:25:00,6317.39,55.03,TRADE
QLD1,2024/04/03 07:30:00,6256.77,50.01,TRADE
QLD1,2024/04/03 07:35:00,6217.91,55.21,TRADE
QLD1,2024/04/03 07:40:00,6191.68,54.45,TRADE
QLD1,2024/04/03 07:45:00,6319.21,48.75,TRADE
QLD1,2024/04/03 07:50:00,6325.78,48.75,TRADE
QLD1,2024/04/03 07:55:00,6265.37,31.40,TRADE
QLD1,2024/04/03 08:00:00,6035.04,29.45,TRADE
QLD1,2024/04/03 08:05:00,6022.27,48.55,TRADE
QLD1,2024/04/03 08:10:00,5965.89,48.75,TRADE
QLD1,2024/04/03 08:15:00,5945.56,48.55,TRADE
QLD1,2024/04/03 08:20:00,5940.97,45.70,TRADE
QLD1,2024/04/03 08:25:00,5834.94,44.73,TRADE
QLD1,2024/04/03 08:30:00,5756.62,44.66,TRADE
QLD1,2024/04/03 08:35:00,5836.24,48.55,TRADE
QLD1,2024/04/03 08:40:00,5751.58,48.55,TRADE
QLD1,2024/04/03 08:45:00,5738.02,44.67,TRADE
QLD1,2024/04/03 08:50:00,5722.27,60.46,TRADE
QLD1,2024/04/03 08:55:00,5654.33,48.75,TRADE
QLD1,2024/04/03 09:00:00,5609.6,35.74,TRADE
QLD1,2024/04/03 09:05:00,5550.15,48.75,TRADE
QLD1,2024/04/03 09:10:00,5526.93,50.45,TRADE
QLD1,2024/04/03 09:15:00,5511.47,59.55,TRADE
QLD1,2024/04/03 09:20:00,5468.42,50.05,TRADE
QLD1,2024/04/03 09:25:00,5457.48,35.34,TRADE
QLD1,2024/04/03 09:30:00,5361.79,7.31,TRADE
QLD1,2024/04/03 09:35:00,5376.08,34.75,TRADE
QLD1,2024/04/03 09:40:00,5356.21,40.63,TRADE
QLD1,2024/04/03 09:45:00,5279.72,16.98,TRADE
QLD1,2024/04/03 09:50:00,5268.68,7.27,TRADE
QLD1,2024/04/03 09:55:00,5292.22,22.13,TRADE
QLD1,2024/04/03 10:00:00,5181.77,-20.50,TRADE
QLD1,2024/04/03 10:05:00,5219.45,22.12,TRADE
QLD1,2024/04/03 10:10:00,5210.2,30.82,TRADE
QLD1,2024/04/03 10:15:00,5236.53,34.75,TRADE
QLD1,2024/04/03 10:20:00,5195.28,35.29,TRADE
QLD1,2024/04/03 10:25:00,5185.75,38.75,TRADE
QLD1,2024/04/03 10:30:00,5211.04,34.83,TRADE
QLD1,2024/04/03 10:35:00,5182.3,34.75,TRADE
QLD1,2024/04/03 10:40:00,5290.05,39.39,TRADE
QLD1,2024/04/03 10:45:00,5303.61,38.55,TRADE
QLD1,2024/04/03 10:50:00,5268.95,38.75,TRADE
QLD1,2024/04/03 10:55:00,5375.97,34.75,TRADE
QLD1,2024/04/03 11:00:00,5374.67,38.55,TRADE
QLD1,2024/04/03 11:05:00,5369.96,38.75,TRADE
QLD1,2024/04/03 11:10:00,5466.66,48.55,TRADE
QLD1,2024/04/03 11:15:00,5470.09,38.75,TRADE
QLD1,2024/04/03 11:20:00,5453.65,38.75,TRADE
QLD1,2024/04/03 11:25:00,5535,38.75,TRADE
QLD1,2024/04/03 11:30:00,5435.97,38.75,TRADE
QLD1,2024/04/03 11:35:00,5460.37,38.55,TRADE
QLD1,2024/04/03 11:40:00,5556.69,49.82,TRADE
QLD1,2024/04/03 11:45:00,5673.42,38.75,TRADE
QLD1,2024/04/03 11:50:00,5629.11,38.75,TRADE
QLD1,2024/04/03 11:55:00,5681.58,52.75,TRADE
QLD1,2024/04/03 12:00:00,5611.78,35.07,TRADE
QLD1,2024/04/03 12:05:00,5611.45,38.75,TRADE
QLD1,2024/04/03 12:10:00,5671.03,38.55,TRADE
QLD1,2024/04/03 12:15:00,5686.94,49.29,TRADE
QLD1,2024/04/03 12:20:00,5705,48.55,TRADE
QLD1,2024/04/03 12:25:00,5759.65,48.55,TRADE
QLD1,2024/04/03 12:30:00,5754.73,35.42,TRADE
QLD1,2024/04/03 12:35:00,5855.26,38.55,TRADE
QLD1,2024/04/03 12:40:00,5826.21,38.55,TRADE
QLD1,2024/04/03 12:45:00,5848.49,48.55,TRADE
QLD1,2024/04/03 12:50:00,5918.09,44.59,TRADE
QLD1,2024/04/03 12:55:00,5966.01,48.55,TRADE
QLD1,2024/04/03 13:00:00,5942.74,44.59,TRADE
QLD1,2024/04/03 13:05:00,6040.05,48.55,TRADE
QLD1,2024/04/03 13:10:00,6146.8,48.55,TRADE
QLD1,2024/04/03 13:15:00,6127.04,58.10,TRADE
QLD1,2024/04/03 13:20:00,6245.99,48.55,TRADE
QLD1,2024/04/03 13:25:00,6236.16,54.49,TRADE
QLD1,2024/04/03 13:30:00,6270.03,130.90,TRADE
QLD1,2024/04/03 13:35:00,6273.81,85.75,TRADE
QLD1,2024/04/03 13:40:00,6284.16,85.55,TRADE
QLD1,2024/04/03 13:45:00,6357.97,87.31,TRADE
QLD1,2024/04/03 13:50:00,6360.35,85.55,TRADE
QLD1,2024/04/03 13:55:00,6393.98,85.55,TRADE
QLD1,2024/04/03 14:00:00,6406.99,85.55,TRADE
QLD1,2024/04/03 14:05:00,6424.39,98.35,TRADE
QLD1,2024/04/03 14:10:00,6521.97,85.55,TRADE
QLD1,2024/04/03 14:15:00,6629.76,85.75,TRADE
QLD1,2024/04/03 14:20:00,6656.91,85.55,TRADE
QLD1,2024/04/03 14:25:00,6753.15,86,TRADE
QLD1,2024/04/03 14:30:00,6805.97,62.73,TRADE
QLD1,2024/04/03 14:35:00,6893.42,88.79,TRADE
QLD1,2024/04/03 14:40:00,6863.99,262.29,TRADE
QLD1,2024/04/03 14:45:00,6949.69,85.65,TRADE
QLD1,2024/04/03 14:50:00,6980.97,85.55,TRADE
QLD1,2024/04/03 14:55:00,7048.67,85.75,TRADE
QLD1,2024/04/03 15:00:00,7158.68,85.55,TRADE
QLD1,2024/04/03 15:05:00,7219.4,62.73,TRADE
QLD1,2024/04/03 15:10:00,7333.78,85.55,TRADE
QLD1,2024/04/03 15:15:00,7501.56,131.27,TRADE
QLD1,2024/04/03 15:20:00,7487.15,138.22,TRADE
QLD1,2024/04/03 15:25:00,7538.8,85.55,TRADE
QLD1,2024/04/03 15:30:00,7604.98,99.90,TRADE
QLD1,2024/04/03 15:35:00,7697.09,89.25,TRADE
QLD1,2024/04/03 15:40:00,7816.6,85.55,TRADE
QLD1,2024/04/03 15:45:00,7887.75,88.34,TRADE
QLD1,2024/04/03 15:50:00,7891.47,138.98,TRADE
QLD1,2024/04/03 15:55:00,7957.65,138.98,TRADE
QLD1,2024/04/03 16:00:00,8020.57,218.61,TRADE
QLD1,2024/04/03 16:05:00,7992.39,138.98,TRADE
QLD1,2024/04/03 16:10:00,8085.15,138.98,TRADE
QLD1,2024/04/03 16:15:00,8153.01,138.98,TRADE
QLD1,2024/04/03 16:20:00,8181.91,95,TRADE
QLD1,2024/04/03 16:25:00,8268.9,122.74,TRADE
QLD1,2024/04/03 16:30:00,8367.92,261.55,TRADE
QLD1,2024/04/03 16:35:00,8406.84,100.83,TRADE
QLD1,2024/04/03 16:40:00,8363.76,138.99,TRADE
QLD1,2024/04/03 16:45:00,8418.21,124.23,TRADE
QLD1,2024/04/03 16:50:00,8511.33,138.99,TRADE
QLD1,2024/04/03 16:55:00,8481.87,145.63,TRADE
QLD1,2024/04/03 17:00:00,8606.48,261.01,TRADE
QLD1,2024/04/03 17:05:00,8574.13,141.21,TRADE
QLD1,2024/04/03 17:10:00,8601.53,186.89,TRADE
QLD1,2024/04/03 17:15:00,8610.78,194.01,TRADE
QLD1,2024/04/03 17:20:00,8613.19,201.87,TRADE
QLD1,2024/04/03 17:25:00,8648.74,255.56,TRADE
QLD1,2024/04/03 17:30:00,8660.34,192.76,TRADE
QLD1,2024/04/03 17:35:00,8715.94,260.98,TRADE
QLD1,2024/04/03 17:40:00,8587.51,261.55,TRADE
QLD1,2024/04/03 17:45:00,8594.88,261.55,TRADE
QLD1,2024/04/03 17:50:00,8618.56,261.55,TRADE
QLD1,2024/04/03 17:55:00,8617.56,299.23,TRADE
QLD1,2024/04/03 18:00:00,8540.32,277.47,TRADE
QLD1,2024/04/03 18:05:00,8546.7,273.04,TRADE
QLD1,2024/04/03 18:10:00,8492.46,261.54,TRADE
QLD1,2024/04/03 18:15:00,8483.69,190.49,TRADE
QLD1,2024/04/03 18:20:00,8587.71,279.01,TRADE
QLD1,2024/04/03 18:25:00,8544.61,265.99,TRADE
QLD1,2024/04/03 18:30:00,8574.59,261.55,TRADE
QLD1,2024/04/03 18:35:00,8491.78,263.99,TRADE
QLD1,2024/04/03 18:40:00,8497.31,243.42,TRADE
QLD1,2024/04/03 18:45:00,8538.14,211.86,TRADE
QLD1,2024/04/03 18:50:00,8503.15,192.49,TRADE
QLD1,2024/04/03 18:55:00,8431.7,261.01,TRADE
QLD1,2024/04/03 19:00:00,8407.13,180.50,TRADE
QLD1,2024/04/03 19:05:00,8422.92,144.67,TRADE
QLD1,2024/04/03 19:10:00,8422.06,261.01,TRADE
QLD1,2024/04/03 19:15:00,8359.33,138.99,TRADE
QLD1,2024/04/03 19:20:00,8356.26,145.20,TRADE
QLD1,2024/04/03 19:25:00,8410.67,138.99,TRADE
QLD1,2024/04/03 19:30:00,8302.59,138.70,TRADE
QLD1,2024/04/03 19:35:00,8346.61,156.94,TRADE
QLD1,2024/04/03 19:40:00,8286.36,190.49,TRADE
QLD1,2024/04/03 19:45:00,8233.01,138.98,TRADE
QLD1,2024/04/03 19:50:00,8204.52,115.75,TRADE
QLD1,2024/04/03 19:55:00,8236.6,142.12,TRADE
QLD1,2024/04/03 20:00:00,8167.18,105.10,TRADE
QLD1,2024/04/03 20:05:00,8060.05,138.98,TRADE
QLD1,2024/04/03 20:10:00,8024.89,138.98,TRADE
QLD1,2024/04/03 20:15:00,8007.45,138.99,TRADE
QLD1,2024/04/03 20:20:00,7881.19,135.80,TRADE
QLD1,2024/04/03 20:25:00,7869.34,115.75,TRADE
QLD1,2024/04/03 20:30:00,7818.44,106.28,TRADE
QLD1,2024/04/03 20:35:00,7760.39,132.73,TRADE
QLD1,2024/04/03 20:40:00,7805.09,115.75,TRADE
QLD1,2024/04/03 20:45:00,7755.44,105.89,TRADE
QLD1,2024/04/03 20:50:00,7679.64,88.81,TRADE
QLD1,2024/04/03 20:55:00,7588.78,87.59,TRADE
QLD1,2024/04/03 21:00:00,7625.96,99.32,TRADE
QLD1,2024/04/03 21:05:00,7586.92,119.01,TRADE
QLD1,2024/04/03 21:10:00,7529.2,166.67,TRADE
QLD1,2024/04/03 21:15:00,7513.09,175.06,TRADE
QLD1,2024/04/03 21:20:00,7513.24,170.95,TRADE
QLD1,2024/04/03 21:25:00,7421.47,162.68,TRADE
QLD1,2024/04/03 21:30:00,7436.29,124.76,TRADE
QLD1,2024/04/03 21:35:00,7362.68,140.42,TRADE
QLD1,2024/04/03 21:40:00,7281.42,139.21,TRADE
QLD1,2024/04/03 21:45:00,7272.86,139.25,TRADE
QLD1,2024/04/03 21:50:00,7171.57,145.72,TRADE
QLD1,2024/04/03 21:55:00,7193.38,111.14,TRADE
QLD1,2024/04/03 22:00:00,7153.74,96.01,TRADE
QLD1,2024/04/03 22:05:00,7077.62,138.98,TRADE
QLD1,2024/04/03 22:10:00,7099.03,149.56,TRADE
QLD1,2024/04/03 22:15:00,7069.83,147.51,TRADE
QLD1,2024/04/03 22:20:00,7045.63,119.20,TRADE
QLD1,2024/04/03 22:25:00,7041.11,120.07,TRADE
QLD1,2024/04/03 22:30:00,6961.95,118.37,TRADE
QLD1,2024/04/03 22:35:00,6948.15,135.81,TRADE
QLD1,2024/04/03 22:40:00,6891.97,116.05,TRADE
QLD1,2024/04/03 22:45:00,6880.58,116.03,TRADE
QLD1,2024/04/03 22:50:00,6842.76,115.11,TRADE
QLD1,2024/04/03 22:55:00,6813.05,113.67,TRADE
QLD1,2024/04/03 23:00:00,6706.44,100.85,TRADE
QLD1,2024/04/03 23:05:00,6768.75,103.21,TRADE
QLD1,2024/04/03 23:10:00,6709.66,111.16,TRADE
QLD1,2024/04/03 23:15:00,6705.03,105.28,TRADE
QLD1,2024/04/03 23:20:00,6702.86,111.20,TRADE
QLD1,2024/04/03 23:25:00,6693.03,100.55,TRADE
QLD1,2024/04/03 23:30:00,6644.42,104.20,TRADE
QLD1,2024/04/03 23:35:00,6556.72,111.55,TRADE
QLD1,2024/04/03 23:40:00,6523.56,112.18,TRADE
QLD1,2024/04/03 23:45:00,6526.64,115.05,TRADE
QLD1,2024/04/03 23:50:00,6503.24,115.71,TRADE
QLD1,2024/04/03 23:55:00,6443.92,114.13,TRADE
QLD1,2024/04/04 00:00:00,6411.08,106.40,TRADE
QLD1,2024/04/04 00:05:00,6320.12,100.55,TRADE
QLD1,2024/04/04 00:10:00,6312.92,96.01,TRADE
QLD1,2024/04/04 00:15:00,6285.38,86.76,TRADE
QLD1,2024/04/04 00:20:00,6244.14,86.16,TRADE
QLD1,2024/04/04 00:25:00,6211.86,85.75,TRADE
QLD1,2024/04/04 00:30:00,6162.77,76.69,TRADE
QLD1,2024/04/04 00:35:00,6186.02,88.24,TRADE
QLD1,2024/04/04 00:40:00,6139.89,87.59,TRADE
QLD1,2024/04/04 00:45:00,6155.27,88.73,TRADE
QLD1,2024/04/04 00:50:00,6150.83,89.93,TRADE
QLD1,2024/04/04 00:55:00,6110.85,85.75,TRADE
QLD1,2024/04/04 01:00:00,6060.17,81.51,TRADE
QLD1,2024/04/04 01:05:00,6022.89,80.39,TRADE
QLD1,2024/04/04 01:10:00,6039.34,85.55,TRADE
QLD1,2024/04/04 01:15:00,6098.09,90.72,TRADE
QLD1,2024/04/04 01:20:00,6025.38,81.50,TRADE
QLD1,2024/04/04 01:25:00,6035.24,81.33,TRADE
QLD1,2024/04/04 01:30:00,6072.83,81.29,TRADE
QLD1,2024/04/04 01:35:00,6051.28,85.75,TRADE
QLD1,2024/04/04 01:40:00,6038.96,85.55,TRADE
QLD1,2024/04/04 01:45:00,6010.76,85.55,TRADE
QLD1,2024/04/04 01:50:00,6015.95,85.55,TRADE
QLD1,2024/04/04 01:55:00,6013.35,83.97,TRADE
QLD1,2024/04/04 02:00:00,5963.87,79.57,TRADE
QLD1,2024/04/04 02:05:00,6019.52,85.75,TRADE
QLD1,2024/04/04 02:10:00,6012.5,90.72,TRADE
QLD1,2024/04/04 02:15:00,5979.51,85.55,TRADE
QLD1,2024/04/04 02:20:00,5949.27,81.01,TRADE
QLD1,2024/04/04 02:25:00,5967.92,81.52,TRADE
QLD1,2024/04/04 02:30:00,5988.48,85.55,TRADE
QLD1,2024/04/04 02:35:00,5956.53,85.75,TRADE
QLD1,2024/04/04 02:40:00,5980.17,85.55,TRADE
QLD1,2024/04/04 02:45:00,5936.98,59.95,TRADE
QLD1,2024/04/04 02:50:00,6008.18,63.38,TRADE
QLD1,2024/04/04 02:55:00,5986.57,70.72,TRADE
QLD1,2024/04/04 03:00:00,6017.83,73.50,TRADE
QLD1,2024/04/04 03:05:00,6015.46,73.09,TRADE
QLD1,2024/04/04 03:10:00,6058,82.13,TRADE
QLD1,2024/04/04 03:15:00,5936.6,62.73,TRADE
QLD1,2024/04/04 03:20:00,5989.39,71.85,TRADE
QLD1,2024/04/04 03:25:00,5967.85,72,TRADE
QLD1,2024/04/04 03:30:00,5893.77,63.19,TRADE
QLD1,2024/04/04 03:35:00,5899.83,68.69,TRADE
QLD1,2024/04/04 03:40:00,5913.15,68.53,TRADE
QLD1,2024/04/04 03:45:00,5943.56,68.30,TRADE
QLD1,2024/04/04 03:50:00,5989.71,70.68,TRADE
QLD1,2024/04/04 03:55:00,5925.76,67.61,TRADE
QLD1,2024/04/04 04:00:00,5943.82,69.06,TRADE
QLD1,2024/04/04 04:05:00,5938.56,66.07,TRADE
QLD1,2024/04/04 04:10:00,5931.14,85.55,TRADE
QLD1,2024/04/04 04:15:00,6019.16,89.74,TRADE
QLD1,2024/04/04 04:20:00,6053.66,85.75,TRADE
QLD1,2024/04/04 04:25:00,6026.24,79.79,TRADE
QLD1,2024/04/04 04:30:00,5992.24,62.73,TRADE
QLD1,2024/04/04 04:35:00,5995.73,62.73,TRADE
QLD1,2024/04/04 04:40:00,5973.83,77.82,TRADE
QLD1,2024/04/04 04:45:00,6018.6,78.40,TRADE
QLD1,2024/04/04 04:50:00,6014.48,78.42,TRADE
QLD1,2024/04/04 04:55:00,6121.35,62.73,TRADE
QLD1,2024/04/04 05:00:00,6096.33,80.06,TRADE
QLD1,2024/04/04 05:05:00,6078.64,59.96,TRADE
QLD1,2024/04/04 05:10:00,6182.11,85.55,TRADE
QLD1,2024/04/04 05:15:00,6182.62,85.55,TRADE
QLD1,2024/04/04 05:20:00,6182,85.55,TRADE
QLD1,2024/04/04 05:25:00,6212.5,85.55,TRADE
QLD1,2024/04/04 05:30:00,6310.29,88.33,TRADE
QLD1,2024/04/04 05:35:00,6337.72,79.32,TRADE
QLD1,2024/04/04 05:40:00,6370.08,85.06,TRADE
QLD1,2024/04/04 05:45:00,6396.32,85.55,TRADE
QLD1,2024/04/04 05:50:00,6422.6,85.55,TRADE
QLD1,2024/04/04 05:55:00,6400.69,85.55,TRADE
QLD1,2024/04/04 06:00:00,6398.23,85.55,TRADE
QLD1,2024/04/04 06:05:00,6454.54,93.37,TRADE
QLD1,2024/04/04 06:10:00,6591.15,100.55,TRADE
QLD1,2024/04/04 06:15:00,6659.85,100.55,TRADE
QLD1,2024/04/04 06:20:00,6682.11,111.70,TRADE
QLD1,2024/04/04 06:25:00,6682.61,108.61,TRADE
QLD1,2024/04/04 06:30:00,6600.01,92.53,TRADE
QLD1,2024/04/04 06:35:00,6686.11,96.01,TRADE
QLD1,2024/04/04 06:40:00,6695.99,100.55,TRADE
QLD1,2024/04/04 06:45:00,6684.4,96.01,TRADE
QLD1,2024/04/04 06:50:00,6644.71,96.01,TRADE
QLD1,2024/04/04 06:55:00,6612.19,96.01,TRADE
QLD1,2024/04/04 07:00:00,6616.72,85.55,TRADE
QLD1,2024/04/04 07:05:00,6663.97,96.01,TRADE
QLD1,2024/04/04 07:10:00,6573.13,90.48,TRADE
QLD1,2024/04/04 07:15:00,6629.21,83.84,TRADE
QLD1,2024/04/04 07:20:00,6621.12,62.73,TRADE
QLD1,2024/04/04 07:25:00,6554.86,58.84,TRADE
QLD1,2024/04/04 07:30:00,6623.3,57.87,TRADE
QLD1,2024/04/04 07:35:00,6612.48,62.59,TRADE
QLD1,2024/04/04 07:40:00,6587.91,56.52,TRADE
QLD1,2024/04/04 07:45:00,6644.14,57.47,TRADE
QLD1,2024/04/04 07:50:00,6542.85,48.55,TRADE
QLD1,2024/04/04 07:55:00,6568.07,48.75,TRADE
QLD1,2024/04/04 08:00:00,6529.09,37.57,TRADE
QLD1,2024/04/04 08:05:00,6529.92,57.99,TRADE
QLD1,2024/04/04 08:10:00,6580.33,48.75,TRADE
QLD1,2024/04/04 08:15:00,6541.83,57.71,TRADE
QLD1,2024/04/04 08:20:00,6491.37,48.55,TRADE
QLD1,2024/04/04 08:25:00,6435.85,48.55,TRADE
QLD1,2024/04/04 08:30:00,6478.17,39.95,TRADE
QLD1,2024/04/04 08:35:00,6402.86,41.15,TRADE
QLD1,2024/04/04 08:40:00,6300.93,38.75,TRADE
QLD1,2024/04/04 08:45:00,6310.69,38.75,TRADE
QLD1,2024/04/04 08:50:00,6361.23,38.75,TRADE
QLD1,2024/04/04 08:55:00,6355.13,38.55,TRADE
QLD1,2024/04/04 09:00:00,6397.6,38.55,TRADE
QLD1,2024/04/04 09:05:00,6375.4,48.55,TRADE
QLD1,2024/04/04 09:10:00,6372.24,75.83,TRADE
QLD1,2024/04/04 09:15:00,6413.46,85.75,TRADE
QLD1,2024/04/04 09:20:00,6342.28,59.75,TRADE
QLD1,2024/04/04 09:25:00,6298.61,53.53,TRADE
QLD1,2024/04/04 09:30:00,6339.83,48.75,TRADE
QLD1,2024/04/04 09:35:00,6314.62,88.59,TRADE
QLD1,2024/04/04 09:40:00,6305.83,144.67,TRADE
QLD1,2024/04/04 09:45:00,6413.32,88.88,TRADE
QLD1,2024/04/04 09:50:00,6350.05,103.53,TRADE
QLD1,2024/04/04 09:55:00,6242.83,54.99,TRADE
QLD1,2024/04/04 10:00:00,6319.61,61.73,TRADE
QLD1,2024/04/04 10:05:00,6400.73,59.55,TRADE
QLD1,2024/04/04 10:10:00,6409.69,61.73,TRADE
QLD1,2024/04/04 10:15:00,6400.25,62.73,TRADE
QLD1,2024/04/04 10:20:00,6337.36,61.73,TRADE
QLD1,2024/04/04 10:25:00,6304.81,59.55,TRADE
QLD1,2024/04/04 10:30:00,6292.73,59.55,TRADE
QLD1,2024/04/04 10:35:00,6164.43,48.55,TRADE
QLD1,2024/04/04 10:40:00,6283.88,48.55,TRADE
QLD1,2024/04/04 10:45:00,6320.23,48.75,TRADE
QLD1,2024/04/04 10:50:00,6296.03,59.75,TRADE
QLD1,2024/04/04 10:55:00,6316.52,59.75,TRADE
QLD1,2024/04/04 11:00:00,6258.08,54.88,TRADE
QLD1,2024/04/04 11:05:00,6319.29,56.69,TRADE
QLD1,2024/04/04 11:10:00,6446.17,59.55,TRADE
QLD1,2024/04/04 11:15:00,6441.91,75.89,TRADE
QLD1,2024/04/04 11:20:00,6411.55,62.73,TRADE
QLD1,2024/04/04 11:25:00,6489.53,62.73,TRADE
QLD1,2024/04/04 11:30:00,6416.04,61.73,TRADE
QLD1,2024/04/04 11:35:00,6383.24,73.51,TRADE
QLD1,2024/04/04 11:40:00,6427.38,72.45,TRADE
QLD1,2024/04/04 11:45:00,6356.96,59.75,TRADE
QLD1,2024/04/04 11:50:00,6329.93,54.48,TRADE
QLD1,2024/04/04 11:55:00,6261.28,33.90,TRADE
QLD1,2024/04/04 12:00:00,6190.56,55.09,TRADE
QLD1,2024/04/04 12:05:00,6200.93,59.75,TRADE
QLD1,2024/04/04 12:10:00,6220.89,71.81,TRADE
QLD1,2024/04/04 12:15:00,6311.67,82.61,TRADE
QLD1,2024/04/04 12:20:00,6310.89,85.55,TRADE
QLD1,2024/04/04 12:25:00,6389.22,74.28,TRADE
QLD1,2024/04/04 12:30:00,6417.04,83.51,TRADE
QLD1,2024/04/04 12:35:00,6397.74,85.55,TRADE
QLD1,2024/04/04 12:40:00,6409.94,60.50,TRADE
QLD1,2024/04/04 12:45:00,6522.1,59.55,TRADE
QLD1,2024/04/04 12:50:00,6440.27,59.75,TRADE
QLD1,2024/04/04 12:55:00,6539.44,59.75,TRADE
QLD1,2024/04/04 13:00:00,6502.51,38.70,TRADE
QLD1,2024/04/04 13:05:00,6532.03,48.75,TRADE
QLD1,2024/04/04 13:10:00,6514.66,59.55,TRADE
QLD1,2024/04/04 13:15:00,6520.21,58.14,TRADE
QLD1,2024/04/04 13:20:00,6540.85,59.75,TRADE
QLD1,2024/04/04 13:25:00,6586.15,59.75,TRADE
QLD1,2024/04/04 13:30:00,6577.74,57.41,TRADE
QLD1,2024/04/04 13:35:00,6607.58,57.41,TRADE
QLD1,2024/04/04 13:40:00,6665.47,86,TRADE
QLD1,2024/04/04 13:45:00,6649.29,62.73,TRADE
QLD1,2024/04/04 13:50:00,6691.85,61.73,TRADE
QLD1,2024/04/04 13:55:00,6657.98,62.73,TRADE
QLD1,2024/04/04 14:00:00,6652.41,79.25,TRADE
QLD1,2024/04/04 14:05:00,6720.12,85.55,TRADE
QLD1,2024/04/04 14:10:00,6690.01,39.95,TRADE
QLD1,2024/04/04 14:15:00,6819.66,72.97,TRADE
QLD1,2024/04/04 14:20:00,6866.61,72.66,TRADE
QLD1,2024/04/04 14:25:00,6845.03,62.73,TRADE
QLD1,2024/04/04 14:30:00,6959.29,62.73,TRADE
QLD1,2024/04/04 14:35:00,6955.75,85.75,TRADE
QLD1,2024/04/04 14:40:00,6923.87,85.55,TRADE
QLD1,2024/04/04 14:45:00,7004.08,59.75,TRADE
QLD1,2024/04/04 14:50:00,7007.85,44,TRADE
QLD1,2024/04/04 14:55:00,7040.4,59.55,TRADE
QLD1,2024/04/04 15:00:00,7076.14,41.01,TRADE
QLD1,2024/04/04 15:05:00,7061.45,48.75,TRADE
QLD1,2024/04/04 15:10:00,7099.51,60.97,TRADE
QLD1,2024/04/04 15:15:00,7146.13,60.50,TRADE
QLD1,2024/04/04 15:20:00,7224.3,61.73,TRADE
QLD1,2024/04/04 15:25:00,7200.36,73.61,TRADE
QLD1,2024/04/04 15:30:00,7322.37,59.55,TRADE
QLD1,2024/04/04 15:35:00,7391.74,34.75,TRADE
QLD1,2024/04/04 15:40:00,7497.56,48.55,TRADE
QLD1,2024/04/04 15:45:00,7481.09,69.53,TRADE
QLD1,2024/04/04 15:50:00,7546.35,61.73,TRADE
QLD1,2024/04/04 15:55:00,7547.18,59.75,TRADE
QLD1,2024/04/04 16:00:00,7585.29,49.33,TRADE
QLD1,2024/04/04 16:05:00,7635.75,48.55,TRADE
QLD1,2024/04/04 16:10:00,7677,61.73,TRADE
QLD1,2024/04/04 16:15:00,7721.84,61.73,TRADE
QLD1,2024/04/04 16:20:00,7748.39,61.73,TRADE
QLD1,2024/04/04 16:25:00,7809.54,83.66,TRADE
QLD1,2024/04/04 16:30:00,7843.68,84.16,TRADE
QLD1,2024/04/04 16:35:00,7887.33,84.97,TRADE
QLD1,2024/04/04 16:40:00,7911.69,82.93,TRADE
QLD1,2024/04/04 16:45:00,7965.72,95.71,TRADE
QLD1,2024/04/04 16:50:00,8074.28,115.75,TRADE
QLD1,2024/04/04 16:55:00,8107.06,131.80,TRADE
QLD1,2024/04/04 17:00:00,8074.1,112.38,TRADE
QLD1,2024/04/04 17:05:00,8078.19,96.48,TRADE
QLD1,2024/04/04 17:10:00,8037.69,96.01,TRADE
QLD1,2024/04/04 17:15:00,8107.09,85.55,TRADE
QLD1,2024/04/04 17:20:00,8157.56,96.01,TRADE
QLD1,2024/04/04 17:25:00,8227.68,90.20,TRADE
QLD1,2024/04/04 17:30:00,8312.09,96.01,TRADE
QLD1,2024/04/04 17:35:00,8265.1,88.51,TRADE
QLD1,2024/04/04 17:40:00,8340.21,94.57,TRADE
QLD1,2024/04/04 17:45:00,8382.29,99.32,TRADE
QLD1,2024/04/04 17:50:00,8389.23,125.75,TRADE
QLD1,2024/04/04 17:55:00,8295.89,107.98,TRADE
QLD1,2024/04/04 18:00:00,8409.4,115.75,TRADE
QLD1,2024/04/04 18:05:00,8407.12,122.81,TRADE
QLD1,2024/04/04 18:10:00,8307.94,122.35,TRADE
QLD1,2024/04/04 18:15:00,8266.9,110.75,TRADE
QLD1,2024/04/04 18:20:00,8260.1,99.05,TRADE
QLD1,2024/04/04 18:25:00,8245.11,99.05,TRADE
QLD1,2024/04/04 18:30:00,8327.25,100.38,TRADE
QLD1,2024/04/04 18:35:00,8378.59,102.63,TRADE
QLD1,2024/04/04 18:40:00,8304.9,108.55,TRADE
QLD1,2024/04/04 18:45:00,8260.19,98.58,TRADE
QLD1,2024/04/04 18:50:00,8313.15,91.71,TRADE
QLD1,2024/04/04 18:55:00,8267.06,88.84,TRADE
QLD1,2024/04/04 19:00:00,8196.69,74.60,TRADE
QLD1,2024/04/04 19:05:00,8220.4,107.23,TRADE
QLD1,2024/04/04 19:10:00,8092.78,98.03,TRADE
QLD1,2024/04/04 19:15:00,8072.37,85.55,TRADE
QLD1,2024/04/04 19:20:00,8071.47,106.35,TRADE
QLD1,2024/04/04 19:25:00,8080.94,99.19,TRADE
QLD1,2024/04/04 19:30:00,7976.5,72.41,TRADE
QLD1,2024/04/04 19:35:00,7984.74,85.55,TRADE
QLD1,2024/04/04 19:40:00,7931.93,96.01,TRADE
QLD1,2024/04/04 19:45:00,7941.9,85.55,TRADE
QLD1,2024/04/04 19:50:00,7914.93,85.55,TRADE
QLD1,2024/04/04 19:55:00,7785.87,75.50,TRADE
QLD1,2024/04/04 20:00:00,7731.43,61.98,TRADE
QLD1,2024/04/04 20:05:00,7687.68,68.29,TRADE
QLD1,2024/04/04 20:10:00,7689.18,68.07,TRADE
QLD1,2024/04/04 20:15:00,7689.12,68.12,TRADE
QLD1,2024/04/04 20:20:00,7646.09,62.73,TRADE
QLD1,2024/04/04 20:25:00,7573.16,62.61,TRADE
QLD1,2024/04/04 20:30:00,7536.26,59.75,TRADE
QLD1,2024/04/04 20:35:00,7494.98,61.30,TRADE
QLD1,2024/04/04 20:40:00,7456.76,60.48,TRADE
QLD1,2024/04/04 20:45:00,7409,60.87,TRADE
QLD1,2024/04/04 20:50:00,7359.35,60.31,TRADE
QLD1,2024/04/04 20:55:00,7397.58,59.75,TRADE
QLD1,2024/04/04 21:00:00,7355.06,59.55,TRADE
QLD1,2024/04/04 21:05:00,7352.31,66.10,TRADE
QLD1,2024/04/04 21:10:00,7312.91,80.78,TRADE
QLD1,2024/04/04 21:15:00,7293.05,70.59,TRADE
QLD1,2024/04/04 21:20:00,7237.14,65.04,TRADE
QLD1,2024/04/04 21:25:00,7155.63,61.74,TRADE
QLD1,2024/04/04 21:30:00,7099.43,59.75,TRADE
QLD1,2024/04/04 21:35:00,6974.57,59.55,TRADE
QLD1,2024/04/04 21:40:00,7052.79,62.73,TRADE
QLD1,2024/04/04 21:45:00,6983.09,62.73,TRADE
QLD1,2024/04/04 21:50:00,6880.59,59.55,TRADE
QLD1,2024/04/04 21:55:00,6935.28,59.75,TRADE
QLD1,2024/04/04 22:00:00,6942.21,62.73,TRADE
QLD1,2024/04/04 22:05:00,6914.98,88.49,TRADE
QLD1,2024/04/04 22:10:00,6931.32,261.55,TRADE
QLD1,2024/04/04 22:15:00,6912.19,127.11,TRADE
QLD1,2024/04/04 22:20:00,6898.1,100.55,TRADE
QLD1,2024/04/04 22:25:00,6738.5,67.71,TRADE
QLD1,2024/04/04 22:30:00,6738.92,85.55,TRADE
QLD1,2024/04/04 22:35:00,6674,68.38,TRADE
QLD1,2024/04/04 22:40:00,6665.33,67.70,TRADE
QLD1,2024/04/04 22:45:00,6710.99,67.27,TRADE
QLD1,2024/04/04 22:50:00,6707.94,65.67,TRADE
QLD1,2024/04/04 22:55:00,6700.04,65.26,TRADE
QLD1,2024/04/04 23:00:00,6609.85,63.10,TRADE
QLD1,2024/04/04 23:05:00,6528.48,62.73,TRADE
QLD1,2024/04/04 23:10:00,6521.14,63.03,TRADE
QLD1,2024/04/04 23:15:00,6482.49,62.73,TRADE
QLD1,2024/04/04 23:20:00,6503.32,62.73,TRADE
QLD1,2024/04/04 23:25:00,6497.26,62.91,TRADE
QLD1,2024/04/04 23:30:00,6386.65,63.10,TRADE
QLD1,2024/04/04 23:35:00,6288.89,62.66,TRADE
QLD1,2024/04/04 23:40:00,6378.45,63.95,TRADE
QLD1,2024/04/04 23:45:00,6316.12,63.09,TRADE
QLD1,2024/04/04 23:50:00,6296.6,62.73,TRADE
QLD1,2024/04/04 23:55:00,6315.82,63.05,TRADE
QLD1,2024/04/05 00:00:00,6275.38,61.54,TRADE
QLD1,2024/04/05 00:05:00,6222.58,62.56,TRADE
QLD1,2024/04/05 00:10:00,6288.52,63.63,TRADE
QLD1,2024/04/05 00:15:00,6251.24,62.60,TRADE
QLD1,2024/04/05 00:20:00,6164.1,61.34,TRADE
QLD1,2024/04/05 00:25:00,6147.19,61.32,TRADE
QLD1,2024/04/05 00:30:00,6161.55,61.68,TRADE
QLD1,2024/04/05 00:35:00,6146.58,61.68,TRADE
QLD1,2024/04/05 00:40:00,6102.46,62.73,TRADE
QLD1,2024/04/05 00:45:00,6058.44,60.93,TRADE
QLD1,2024/04/05 00:50:00,6020.18,59.55,TRADE
QLD1,2024/04/05 00:55:00,6015.63,59.55,TRADE
QLD1,2024/04/05 01:00:00,5985.93,59.55,TRADE
QLD1,2024/04/05 01:05:00,5971.18,61.08,TRADE
QLD1,2024/04/05 01:10:00,5985.38,59.75,TRADE
QLD1,2024/04/05 01:15:00,5972.07,59.75,TRADE
QLD1,2024/04/05 01:20:00,5970.21,59.75,TRADE
QLD1,2024/04/05 01:25:00,5945.42,59.75,TRADE
QLD1,2024/04/05 01:30:00,5953.71,60.13,TRADE
QLD1,2024/04/05 01:35:00,5895.33,59.75,TRADE
QLD1,2024/04/05 01:40:00,5929.65,61.16,TRADE
QLD1,2024/04/05 01:45:00,5905.24,60.42,TRADE
QLD1,2024/04/05 01:50:00,6001.94,61.29,TRADE
QLD1,2024/04/05 01:55:00,5952.71,60.89,TRADE
QLD1,2024/04/05 02:00:00,5891.76,59.75,TRADE
QLD1,2024/04/05 02:05:00,5880.91,60.04,TRADE
QLD1,2024/04/05 02:10:00,5861.79,60.07,TRADE
QLD1,2024/04/05 02:15:00,5907.25,59.55,TRADE
QLD1,2024/04/05 02:20:00,5869.8,59.55,TRADE
QLD1,2024/04/05 02:25:00,5903.71,60.40,TRADE
QLD1,2024/04/05 02:30:00,5883.17,61.10,TRADE
QLD1,2024/04/05 02:35:00,5907.13,59.55,TRADE
QLD1,2024/04/05 02:40:00,5839.43,52.47,TRADE
QLD1,2024/04/05 02:45:00,5862.49,59.55,TRADE
QLD1,2024/04/05 02:50:00,5802.38,48.75,TRADE
QLD1,2024/04/05 02:55:00,5818.11,59.55,TRADE
QLD1,2024/04/05 03:00:00,5840.03,59.55,TRADE
QLD1,2024/04/05 03:05:00,5916.92,53.47,TRADE
QLD1,2024/04/05 03:10:00,5845.52,52.77,TRADE
QLD1,2024/04/05 03:15:00,5841.71,48.75,TRADE
QLD1,2024/04/05 03:20:00,5853.66,59.55,TRADE
QLD1,2024/04/05 03:25:00,5878.44,59.75,TRADE
QLD1,2024/04/05 03:30:00,5842.66,59.55,TRADE
QLD1,2024/04/05 03:35:00,5910.2,59.75,TRADE
QLD1,2024/04/05 03:40:00,5894.91,59.75,TRADE
QLD1,2024/04/05 03:45:00,5832.63,59.55,TRADE
QLD1,2024/04/05 03:50:00,5868.79,59.75,TRADE
QLD1,2024/04/05 03:55:00,5910.04,59.75,TRADE
QLD1,2024/04/05 04:00:00,5835.18,52.38,TRADE
QLD1,2024/04/05 04:05:00,5881.87,59.55,TRADE
QLD1,2024/04/05 04:10:00,5907.83,59.75,TRADE
QLD1,2024/04/05 04:15:00,5929.21,61.14,TRADE
QLD1,2024/04/05 04:20:00,5963.54,62.73,TRADE
QLD1,2024/04/05 04:25:00,5939.81,61.17,TRADE
QLD1,2024/04/05 04:30:00,5929.8,59.75,TRADE
QLD1,2024/04/05 04:35:00,5984.58,59.82,TRADE
QLD1,2024/04/05 04:40:00,6005.94,59.75,TRADE
QLD1,2024/04/05 04:45:00,6031.51,59.75,TRADE
QLD1,2024/04/05 04:50:00,6069.71,59.75,TRADE
QLD1,2024/04/05 04:55:00,6042.34,59.75,TRADE
QLD1,2024/04/05 05:00:00,6030.09,60.58,TRADE
QLD1,2024/04/05 05:05:00,6092.93,62.73,TRADE
QLD1,2024/04/05 05:10:00,6131.19,64.48,TRADE
QLD1,2024/04/05 05:15:00,6210.07,76.67,TRADE
QLD1,2024/04/05 05:20:00,6155.33,61.35,TRADE
QLD1,2024/04/05 05:25:00,6184.19,72.87,TRADE
QLD1,2024/04/05 05:30:00,6184.55,62.98,TRADE
QLD1,2024/04/05 05:35:00,6177.77,62.54,TRADE
QLD1,2024/04/05 05:40:00,6261.07,63.02,TRADE
QLD1,2024/04/05 05:45:00,6280.02,81.22,TRADE
QLD1,2024/04/05 05:50:00,6358.66,85.55,TRADE
QLD1,2024/04/05 05:55:00,6345.37,81.42,TRADE
QLD1,2024/04/05 06:00:00,6362.37,85.55,TRADE
QLD1,2024/04/05 06:05:00,6407.29,72.73,TRADE
QLD1,2024/04/05 06:10:00,6538.6,81.25,TRADE
QLD1,2024/04/05 06:15:00,6576.72,85.55,TRADE
QLD1,2024/04/05 06:20:00,6632.62,80.43,TRADE
QLD1,2024/04/05 06:25:00,6615.86,79.42,TRADE
QLD1,2024/04/05 06:30:00,6636.82,85.55,TRADE
QLD1,2024/04/05 06:35:00,6643.85,79.03,TRADE
QLD1,2024/04/05 06:40:00,6669.83,85.55,TRADE
QLD1,2024/04/05 06:45:00,6739.19,85.55,TRADE
QLD1,2024/04/05 06:50:00,6718.35,88.34,TRADE
QLD1,2024/04/05 06:55:00,6714.96,87.20,TRADE
QLD1,2024/04/05 07:00:00,6744.76,93.94,TRADE
QLD1,2024/04/05 07:05:00,6736.12,97.45,TRADE
QLD1,2024/04/05 07:10:00,6775.21,89.02,TRADE
QLD1,2024/04/05 07:15:00,6752.14,89.66,TRADE
QLD1,2024/04/05 07:20:00,6758.98,100.05,TRADE
QLD1,2024/04/05 07:25:00,6816.14,96.01,TRADE
QLD1,2024/04/05 07:30:00,6845.92,99.55,TRADE
QLD1,2024/04/05 07:35:00,6822.63,92.41,TRADE
QLD1,2024/04/05 07:40:00,6745.51,62.73,TRADE
QLD1,2024/04/05 07:45:00,6810.04,74.80,TRADE
QLD1,2024/04/05 07:50:00,6776.99,72.06,TRADE
QLD1,2024/04/05 07:55:00,6677.88,63.98,TRADE
QLD1,2024/04/05 08:00:00,6702.11,68.33,TRADE
QLD1,2024/04/05 08:05:00,6757.42,85.55,TRADE
QLD1,2024/04/05 08:10:00,6808.8,80.59,TRADE
QLD1,2024/04/05 08:15:00,6822.57,81.64,TRADE
QLD1,2024/04/05 08:20:00,6876.99,70.52,TRADE
QLD1,2024/04/05 08:25:00,6802.89,80.54,TRADE
QLD1,2024/04/05 08:30:00,6844.19,93.89,TRADE
QLD1,2024/04/05 08:35:00,6838.37,103.41,TRADE
QLD1,2024/04/05 08:40:00,6715.88,103.99,TRADE
QLD1,2024/04/05 08:45:00,6706.47,94.50,TRADE
QLD1,2024/04/05 08:50:00,6676.45,94.44,TRADE
QLD1,2024/04/05 08:55:00,6672.64,99.42,TRADE
QLD1,2024/04/05 09:00:00,6690.34,80.69,TRADE
QLD1,2024/04/05 09:05:00,6750.5,93.01,TRADE
QLD1,2024/04/05 09:10:00,6709.31,80.97,TRADE
QLD1,2024/04/05 09:15:00,6738.62,60.30,TRADE
QLD1,2024/04/05 09:20:00,6791.48,62.58,TRADE
QLD1,2024/04/05 09:25:00,6804.15,62.84,TRADE
QLD1,2024/04/05 09:30:00,6781.08,59.55,TRADE
QLD1,2024/04/05 09:35:00,6820.36,77.13,TRADE
QLD1,2024/04/05 09:40:00,6860.93,59.75,TRADE
QLD1,2024/04/05 09:45:00,6814.97,42.34,TRADE
QLD1,2024/04/05 09:50:00,6742.43,48.55,TRADE
QLD1,2024/04/05 09:55:00,6738.92,48.75,TRADE
QLD1,2024/04/05 10:00:00,6726.58,48.75,TRADE
QLD1,2024/04/05 10:05:00,6702.54,42.51,TRADE
QLD1,2024/04/05 10:10:00,6661.3,298,TRADE
QLD1,2024/04/05 10:15:00,6573.13,85.75,TRADE
QLD1,2024/04/05 10:20:00,6551.16,59.55,TRADE
QLD1,2024/04/05 10:25:00,6541.3,59.75,TRADE
QLD1,2024/04/05 10:30:00,6537.74,59.75,TRADE
QLD1,2024/04/05 10:35:00,6584.58,62.73,TRADE
QLD1,2024/04/05 10:40:00,6683.96,85.75,TRADE
QLD1,2024/04/05 10:45:00,6742.84,261.55,TRADE
QLD1,2024/04/05 10:50:00,6649.04,140.95,TRADE
QLD1,2024/04/05 10:55:00,6583.88,99.42,TRADE
QLD1,2024/04/05 11:00:00,6657.78,136,TRADE
QLD1,2024/04/05 11:05:00,6567.43,61.73,TRADE
QLD1,2024/04/05 11:10:00,6650.35,85.75,TRADE
QLD1,2024/04/05 11:15:00,6634.71,85.55,TRADE
QLD1,2024/04/05 11:20:00,6594.39,48.75,TRADE
QLD1,2024/04/05 11:25:00,6715.76,61.73,TRADE
QLD1,2024/04/05 11:30:00,6692.54,85.75,TRADE
QLD1,2024/04/05 11:35:00,6727.54,261.55,TRADE
QLD1,2024/04/05 11:40:00,6742.15,79.26,TRADE
QLD1,2024/04/05 11:45:00,6768.74,85.55,TRADE
QLD1,2024/04/05 11:50:00,6811.7,261.55,TRADE
QLD1,2024/04/05 11:55:00,6847.59,261.55,TRADE
QLD1,2024/04/05 12:00:00,6814.2,62.69,TRADE
QLD1,2024/04/05 12:05:00,6806.62,85.55,TRADE
QLD1,2024/04/05 12:10:00,6908.55,85.55,TRADE
QLD1,2024/04/05 12:15:00,6902.54,103.39,TRADE
QLD1,2024/04/05 12:20:00,6893.73,92.65,TRADE
QLD1,2024/04/05 12:25:00,6920.51,93.10,TRADE
QLD1,2024/04/05 12:30:00,6973.99,92.54,TRADE
QLD1,2024/04/05 12:35:00,6967,90.81,TRADE
QLD1,2024/04/05 12:40:00,6993.01,91.89,TRADE
QLD1,2024/04/05 12:45:00,6964.04,97.66,TRADE
QLD1,2024/04/05 12:50:00,6976.38,261.55,TRADE
QLD1,2024/04/05 12:55:00,6951.47,136,TRADE
QLD1,2024/04/05 13:00:00,6812.16,59.75,TRADE
QLD1,2024/04/05 13:05:00,6786.37,79.76,TRADE
QLD1,2024/04/05 13:10:00,6756.95,59.75,TRADE
QLD1,2024/04/05 13:15:00,6800.36,99.27,TRADE
QLD1,2024/04/05 13:20:00,6788.25,93.20,TRADE
QLD1,2024/04/05 13:25:00,6774.69,81.26,TRADE
QLD1,2024/04/05 13:30:00,6683.38,85.55,TRADE
QLD1,2024/04/05 13:35:00,6704.32,81.16,TRADE
QLD1,2024/04/05 13:40:00,6699.81,59.55,TRADE
QLD1,2024/04/05 13:45:00,6659.09,48.75,TRADE
QLD1,2024/04/05 13:50:00,6758.88,61.33,TRADE
QLD1,2024/04/05 13:55:00,6806.23,59.75,TRADE
QLD1,2024/04/05 14:00:00,6783.83,59.55,TRADE
QLD1,2024/04/05 14:05:00,6769.87,48.75,TRADE
QLD1,2024/04/05 14:10:00,6804.77,59.55,TRADE
QLD1,2024/04/05 14:15:00,6864.18,59.75,TRADE
QLD1,2024/04/05 14:20:00,6847.34,59.55,TRADE
QLD1,2024/04/05 14:25:00,6889.43,59.55,TRADE
QLD1,2024/04/05 14:30:00,6916.33,59.55,TRADE
QLD1,2024/04/05 14:35:00,7023.51,85.75,TRADE
QLD1,2024/04/05 14:40:00,7069.25,265.77,TRADE
QLD1,2024/04/05 14:45:00,6987.26,80.97,TRADE
QLD1,2024/04/05 14:50:00,7065.47,85.75,TRADE
QLD1,2024/04/05 14:55:00,7123.79,82.74,TRADE
QLD1,2024/04/05 15:00:00,7164.58,370.73,TRADE
QLD1,2024/04/05 15:05:00,7082.04,85.75,TRADE
QLD1,2024/04/05 15:10:00,7139.07,92.31,TRADE
QLD1,2024/04/05 15:15:00,7315.1,145.86,TRADE
QLD1,2024/04/05 15:20:00,7272.93,94.37,TRADE
QLD1,2024/04/05 15:25:00,7501.09,285.75,TRADE
QLD1,2024/04/05 15:30:00,7476.01,116.53,TRADE
QLD1,2024/04/05 15:35:00,7560.71,138.98,TRADE
QLD1,2024/04/05 15:40:00,7554.5,62.73,TRADE
QLD1,2024/04/05 15:45:00,7680.27,85.55,TRADE
QLD1,2024/04/05 15:50:00,7727.94,138.98,TRADE
QLD1,2024/04/05 15:55:00,7647.74,85.55,TRADE
QLD1,2024/04/05 16:00:00,7672.62,85.55,TRADE
QLD1,2024/04/05 16:05:00,7736.4,97.78,TRADE
QLD1,2024/04/05 16:10:00,7653.69,62.73,TRADE
QLD1,2024/04/05 16:15:00,7762.15,62.73,TRADE
QLD1,2024/04/05 16:20:00,7755.83,66.90,TRADE
QLD1,2024/04/05 16:25:00,7704.37,97.30,TRADE
QLD1,2024/04/05 16:30:00,7767.21,138.98,TRADE
QLD1,2024/04/05 16:35:00,7816.14,138.98,TRADE
QLD1,2024/04/05 16:40:00,7830.92,115.75,TRADE
QLD1,2024/04/05 16:45:00,7830.48,99.32,TRADE
QLD1,2024/04/05 16:50:00,7854.73,122.45,TRADE
QLD1,2024/04/05 16:55:00,7870.48,123.23,TRADE
QLD1,2024/04/05 17:00:00,7836.16,121.70,TRADE
QLD1,2024/04/05 17:05:00,7878.28,62.73,TRADE
QLD1,2024/04/05 17:10:00,7921.22,99.32,TRADE
QLD1,2024/04/05 17:15:00,7925.12,99.32,TRADE
QLD1,2024/04/05 17:20:00,8011.05,132.24,TRADE
QLD1,2024/04/05 17:25:00,8063.52,100.52,TRADE
QLD1,2024/04/05 17:30:00,8061.72,100.54,TRADE
QLD1,2024/04/05 17:35:00,8091.74,138.97,TRADE
QLD1,2024/04/05 17:40:00,8045.59,138.97,TRADE
QLD1,2024/04/05 17:45:00,8028.94,138.98,TRADE
QLD1,2024/04/05 17:50:00,8063.62,138.98,TRADE
QLD1,2024/04/05 17:55:00,8043.8,138.98,TRADE
QLD1,2024/04/05 18:00:00,8113.84,138.99,TRADE
QLD1,2024/04/05 18:05:00,8067.67,144.61,TRADE
QLD1,2024/04/05 18:10:00,8069.15,144.61,TRADE
QLD1,2024/04/05 18:15:00,8062.62,138.97,TRADE
QLD1,2024/04/05 18:20:00,8108.81,138.97,TRADE
QLD1,2024/04/05 18:25:00,8070.5,138.97,TRADE
QLD1,2024/04/05 18:30:00,8029.42,115.75,TRADE
QLD1,2024/04/05 18:35:00,8037.63,138.97,TRADE
QLD1,2024/04/05 18:40:00,8007.15,115.75,TRADE
QLD1,2024/04/05 18:45:00,8004.78,138.97,TRADE
QLD1,2024/04/05 18:50:00,8005.62,138.97,TRADE
QLD1,2024/04/05 18:55:00,7992.8,138.97,TRADE
QLD1,2024/04/05 19:00:00,7976.14,138.97,TRADE
QLD1,2024/04/05 19:05:00,7965.86,138.97,TRADE
QLD1,2024/04/05 19:10:00,7847.27,96.02,TRADE
QLD1,2024/04/05 19:15:00,7814.31,96.02,TRADE
QLD1,2024/04/05 19:20:00,7775.43,96.01,TRADE
QLD1,2024/04/05 19:25:00,7770.92,96.01,TRADE
QLD1,2024/04/05 19:30:00,7738.28,98.25,TRADE
QLD1,2024/04/05 19:35:00,7616.27,86.68,TRADE
QLD1,2024/04/05 19:40:00,7572.56,98.09,TRADE
QLD1,2024/04/05 19:45:00,7664.11,138.97,TRADE
QLD1,2024/04/05 19:50:00,7675.74,115.75,TRADE
QLD1,2024/04/05 19:55:00,7648.9,138.97,TRADE
QLD1,2024/04/05 20:00:00,7758.43,261.55,TRADE
QLD1,2024/04/05 20:05:00,7584.09,77.21,TRADE
QLD1,2024/04/05 20:10:00,7640.81,99.32,TRADE
QLD1,2024/04/05 20:15:00,7607.87,97.54,TRADE
QLD1,2024/04/05 20:20:00,7557.91,98.11,TRADE
QLD1,2024/04/05 20:25:00,7488.05,85.55,TRADE
QLD1,2024/04/05 20:30:00,7467.15,64.55,TRADE
QLD1,2024/04/05 20:35:00,7402.4,86.66,TRADE
QLD1,2024/04/05 20:40:00,7397.54,85.55,TRADE
QLD1,2024/04/05 20:45:00,7343.25,85.55,TRADE
QLD1,2024/04/05 20:50:00,7339.86,96.02,TRADE
QLD1,2024/04/05 20:55:00,7234.39,85.55,TRADE
QLD1,2024/04/05 21:00:00,7163.64,63.80,TRADE
QLD1,2024/04/05 21:05:00,7216.99,138.97,TRADE
QLD1,2024/04/05 21:10:00,7144.96,138.97,TRADE
QLD1,2024/04/05 21:15:00,7202.66,261.55,TRADE
QLD1,2024/04/05 21:20:00,7089.51,96.02,TRADE
QLD1,2024/04/05 21:25:00,7031.01,99.42,TRADE
QLD1,2024/04/05 21:30:00,7033.89,99.42,TRADE
QLD1,2024/04/05 21:35:00,6986.84,99.42,TRADE
QLD1,2024/04/05 21:40:00,6961.89,89.41,TRADE
QLD1,2024/04/05 21:45:00,6900.04,85.55,TRADE
QLD1,2024/04/05 21:50:00,6885.12,84.81,TRADE
QLD1,2024/04/05 21:55:00,6842.03,83.85,TRADE
QLD1,2024/04/05 22:00:00,6839.4,63.04,TRADE
QLD1,2024/04/05 22:05:00,6793.15,138.97,TRADE
QLD1,2024/04/05 22:10:00,6784.29,138.97,TRADE
QLD1,2024/04/05 22:15:00,6814.95,138.97,TRADE
QLD1,2024/04/05 22:20:00,6835.97,145.63,TRADE
QLD1,2024/04/05 22:25:00,6823.71,100.55,TRADE
QLD1,2024/04/05 22:30:00,6767.47,100.55,TRADE
QLD1,2024/04/05 22:35:00,6696.59,100.55,TRADE
QLD1,2024/04/05 22:40:00,6697.12,100.55,TRADE
QLD1,2024/04/05 22:45:00,6706.85,144.61,TRADE
QLD1,2024/04/05 22:50:00,6618.55,100.55,TRADE
QLD1,2024/04/05 22:55:00,6568.52,100.55,TRADE
QLD1,2024/04/05 23:00:00,6462.31,85.75,TRADE
QLD1,2024/04/05 23:05:00,6418.34,100.55,TRADE
QLD1,2024/04/05 23:10:00,6504.75,261.55,TRADE
QLD1,2024/04/05 23:15:00,6490.78,138.97,TRADE
QLD1,2024/04/05 23:20:00,6454.99,99.42,TRADE
QLD1,2024/04/05 23:25:00,6402.5,99.42,TRADE
QLD1,2024/04/05 23:30:00,6358.05,85.75,TRADE
QLD1,2024/04/05 23:35:00,6302.75,85.75,TRADE
QLD1,2024/04/05 23:40:00,6312.29,85.75,TRADE
QLD1,2024/04/05 23:45:00,6272.71,85.75,TRADE
QLD1,2024/04/05 23:50:00,6264.31,85.75,TRADE
QLD1,2024/04/05 23:55:00,6207.87,85.55,TRADE
QLD1,2024/04/06 00:00:00,6203.03,85.55,TRADE
QLD1,2024/04/06 00:05:00,6156.25,100.55,TRADE
QLD1,2024/04/06 00:10:00,6184.76,100.55,TRADE
QLD1,2024/04/06 00:15:00,6190.87,100.55,TRADE
QLD1,2024/04/06 00:20:00,6171.95,100.55,TRADE
QLD1,2024/04/06 00:25:00,6133.21,100.55,TRADE
QLD1,2024/04/06 00:30:00,6111.47,100.55,TRADE
QLD1,2024/04/06 00:35:00,6056.02,96.50,TRADE
QLD1,2024/04/06 00:40:00,6104.29,100.55,TRADE
QLD1,2024/04/06 00:45:00,6094.04,100.55,TRADE
QLD1,2024/04/06 00:50:00,6031.03,85.75,TRADE
QLD1,2024/04/06 00:55:00,6014,85.75,TRADE
QLD1,2024/04/06 01:00:00,6025.72,100.55,TRADE
QLD1,2024/04/06 01:05:00,5967.83,85.75,TRADE
QLD1,2024/04/06 01:10:00,5939.31,85.55,TRADE
QLD1,2024/04/06 01:15:00,5929.66,85.55,TRADE
QLD1,2024/04/06 01:20:00,5960.46,85.55,TRADE
QLD1,2024/04/06 01:25:00,5908.98,85.55,TRADE
QLD1,2024/04/06 01:30:00,5947.37,85.55,TRADE
QLD1,2024/04/06 01:35:00,5877.16,85.55,TRADE
QLD1,2024/04/06 01:40:00,5866.91,85.55,TRADE
QLD1,2024/04/06 01:45:00,5834.97,85.55,TRADE
QLD1,2024/04/06 01:50:00,5859.05,85.55,TRADE
QLD1,2024/04/06 01:55:00,5867.58,85.55,TRADE
QLD1,2024/04/06 02:00:00,5824.22,62.73,TRADE
QLD1,2024/04/06 02:05:00,5875.78,85.75,TRADE
QLD1,2024/04/06 02:10:00,5796.6,85.55,TRADE
QLD1,2024/04/06 02:15:00,5873.92,95.89,TRADE
QLD1,2024/04/06 02:20:00,5828.01,85.75,TRADE
QLD1,2024/04/06 02:25:00,5828.04,85.75,TRADE
QLD1,2024/04/06 02:30:00,5847.84,85.75,TRADE
QLD1,2024/04/06 02:35:00,5836.56,93.89,TRADE
QLD1,2024/04/06 02:40:00,5793.91,85.55,TRADE
QLD1,2024/04/06 02:45:00,5797.77,85.55,TRADE
QLD1,2024/04/06 02:50:00,5770.87,85.55,TRADE
QLD1,2024/04/06 02:55:00,5810.48,85.75,TRADE
QLD1,2024/04/06 03:00:00,5728.38,85.55,TRADE
QLD1,2024/04/06 03:05:00,5736.25,85.55,TRADE
QLD1,2024/04/06 03:10:00,5736.07,85.55,TRADE
QLD1,2024/04/06 03:15:00,5803.05,85.75,TRADE
QLD1,2024/04/06 03:20:00,5776.51,93.04,TRADE
QLD1,2024/04/06 03:25:00,5769.79,92.22,TRADE
QLD1,2024/04/06 03:30:00,5710.38,90.99,TRADE
QLD1,2024/04/06 03:35:00,5772.06,91.58,TRADE
QLD1,2024/04/06 03:40:00,5831.99,93.18,TRADE
QLD1,2024/04/06 03:45:00,5758.07,91.99,TRADE
QLD1,2024/04/06 03:50:00,5790.02,92.53,TRADE
QLD1,2024/04/06 03:55:00,5777.09,92.51,TRADE
QLD1,2024/04/06 04:00:00,5841.21,95.33,TRADE
QLD1,2024/04/06 04:05:00,5867.74,93.82,TRADE
QLD1,2024/04/06 04:10:00,5812.15,93.84,TRADE
QLD1,2024/04/06 04:15:00,5729.28,85.55,TRADE
QLD1,2024/04/06 04:20:00,5798.76,85.55,TRADE
QLD1,2024/04/06 04:25:00,5765.41,85.55,TRADE
QLD1,2024/04/06 04:30:00,5834.91,85.47,TRADE
QLD1,2024/04/06 04:35:00,5746.14,83.33,TRADE
QLD1,2024/04/06 04:40:00,5764.79,85.55,TRADE
QLD1,2024/04/06 04:45:00,5764.03,91.14,TRADE
QLD1,2024/04/06 04:50:00,5704.71,85.75,TRADE
QLD1,2024/04/06 04:55:00,5747.86,85.75,TRADE
QLD1,2024/04/06 05:00:00,5716.2,92.29,TRADE
QLD1,2024/04/06 05:05:00,5753.89,92.94,TRADE
QLD1,2024/04/06 05:10:00,5871.99,100.55,TRADE
QLD1,2024/04/06 05:15:00,5856.72,95.84,TRADE
QLD1,2024/04/06 05:20:00,5838.33,94.28,TRADE
QLD1,2024/04/06 05:25:00,5850.24,100.55,TRADE
QLD1,2024/04/06 05:30:00,5902.97,114.95,TRADE
QLD1,2024/04/06 05:35:00,5895.34,90.76,TRADE
QLD1,2024/04/06 05:40:00,5914.3,96.09,TRADE
QLD1,2024/04/06 05:45:00,5859.91,85.55,TRADE
QLD1,2024/04/06 05:50:00,5931.32,96.71,TRADE
QLD1,2024/04/06 05:55:00,5927.99,118.81,TRADE
QLD1,2024/04/06 06:00:00,5913.39,118.66,TRADE
QLD1,2024/04/06 06:05:00,5978.74,96.30,TRADE
QLD1,2024/04/06 06:10:00,5923.65,95.67,TRADE
QLD1,2024/04/06 06:15:00,5969.51,100.55,TRADE
QLD1,2024/04/06 06:20:00,5950.48,113.51,TRADE
QLD1,2024/04/06 06:25:00,5961.84,120.59,TRADE
QLD1,2024/04/06 06:30:00,5979.55,145.64,TRADE
QLD1,2024/04/06 06:35:00,6009.54,120.76,TRADE
QLD1,2024/04/06 06:40:00,5997.14,130.15,TRADE
QLD1,2024/04/06 06:45:00,5972.9,152.71,TRADE
QLD1,2024/04/06 06:50:00,6002.96,166.63,TRADE
QLD1,2024/04/06 06:55:00,5913.23,132.63,TRADE
QLD1,2024/04/06 07:00:00,5840.78,137.09,TRADE
QLD1,2024/04/06 07:05:00,5841.05,154.85,TRADE
QLD1,2024/04/06 07:10:00,5817.51,115.97,TRADE
QLD1,2024/04/06 07:15:00,5760.82,114.45,TRADE
QLD1,2024/04/06 07:20:00,5799.14,123.14,TRADE
QLD1,2024/04/06 07:25:00,5753.84,110.17,TRADE
QLD1,2024/04/06 07:30:00,5738.75,111.93,TRADE
QLD1,2024/04/06 07:35:00,5652.87,89.20,TRADE
QLD1,2024/04/06 07:40:00,5665.63,89.19,TRADE
QLD1,2024/04/06 07:45:00,5705.24,86.64,TRADE
QLD1,2024/04/06 07:50:00,5660.26,88.99,TRADE
QLD1,2024/04/06 07:55:00,5613.6,85.83,TRADE
QLD1,2024/04/06 08:00:00,5566.8,76.48,TRADE
QLD1,2024/04/06 08:05:00,5575.35,101.60,TRADE
QLD1,2024/04/06 08:10:00,5534.49,85.92,TRADE
QLD1,2024/04/06 08:15:00,5504.81,100.46,TRADE
QLD1,2024/04/06 08:20:00,5466.91,97.66,TRADE
QLD1,2024/04/06 08:25:00,5400.42,100.55,TRADE
QLD1,2024/04/06 08:30:00,5319.71,70.02,TRADE
QLD1,2024/04/06 08:35:00,5298.92,85.49,TRADE
QLD1,2024/04/06 08:40:00,5254.13,65,TRADE
QLD1,2024/04/06 08:45:00,5243.28,68.05,TRADE
QLD1,2024/04/06 08:50:00,5198.74,77.53,TRADE
QLD1,2024/04/06 08:55:00,5155.54,85.55,TRADE
QLD1,2024/04/06 09:00:00,5150.99,77.66,TRADE
QLD1,2024/04/06 09:05:00,5132.11,89.61,TRADE
QLD1,2024/04/06 09:10:00,5156.78,79.11,TRADE
QLD1,2024/04/06 09:15:00,5188.4,78.72,TRADE
QLD1,2024/04/06 09:20:00,5135.01,68.58,TRADE
QLD1,2024/04/06 09:25:00,5228.3,69.94,TRADE
QLD1,2024/04/06 09:30:00,5217.41,59.55,TRADE
QLD1,2024/04/06 09:35:00,5172.32,59.55,TRADE
QLD1,2024/04/06 09:40:00,5129.33,57.92,TRADE
QLD1,2024/04/06 09:45:00,5083.07,48.75,TRADE
QLD1,2024/04/06 09:50:00,5053.64,48.75,TRADE
QLD1,2024/04/06 09:55:00,4902.14,38.75,TRADE
QLD1,2024/04/06 10:00:00,4871.45,38.75,TRADE
QLD1,2024/04/06 10:05:00,4818.65,38.05,TRADE
QLD1,2024/04/06 10:10:00,4736.44,38.18,TRADE
QLD1,2024/04/06 10:15:00,4681.83,9.91,TRADE
QLD1,2024/04/06 10:20:00,4668.72,38.39,TRADE
QLD1,2024/04/06 10:25:00,4672.86,38.55,TRADE
QLD1,2024/04/06 10:30:00,4661.91,36.30,TRADE
QLD1,2024/04/06 10:35:00,4745.72,21.69,TRADE
QLD1,2024/04/06 10:40:00,4861.28,-20.50,TRADE
QLD1,2024/04/06 10:45:00,4831.13,10.11,TRADE
QLD1,2024/04/06 10:50:00,4911.8,38.55,TRADE
QLD1,2024/04/06 10:55:00,5022.03,26.45,TRADE
QLD1,2024/04/06 11:00:00,5034.16,10.45,TRADE
QLD1,2024/04/06 11:05:00,5049.47,23.47,TRADE
QLD1,2024/04/06 11:10:00,5106.47,40.77,TRADE
QLD1,2024/04/06 11:15:00,5097.89,26.63,TRADE
QLD1,2024/04/06 11:20:00,5096.47,-10.80,TRADE
QLD1,2024/04/06 11:25:00,5099.18,10.47,TRADE
QLD1,2024/04/06 11:30:00,5222.26,29.66,TRADE
QLD1,2024/04/06 11:35:00,5191.15,26.15,TRADE
QLD1,2024/04/06 11:40:00,5244.02,22.42,TRADE
QLD1,2024/04/06 11:45:00,5237.7,22.69,TRADE
QLD1,2024/04/06 11:50:00,5213.41,24.75,TRADE
QLD1,2024/04/06 11:55:00,5221.16,23.80,TRADE
QLD1,2024/04/06 12:00:00,5286.89,23.85,TRADE
QLD1,2024/04/06 12:05:00,5263.04,11.18,TRADE
QLD1,2024/04/06 12:10:00,5306.99,10.67,TRADE
QLD1,2024/04/06 12:15:00,5407.42,26.20,TRADE
QLD1,2024/04/06 12:20:00,5398.16,23.78,TRADE
QLD1,2024/04/06 12:25:00,5355.13,22.88,TRADE
QLD1,2024/04/06 12:30:00,5433.3,26.49,TRADE
QLD1,2024/04/06 12:35:00,5462.26,30.23,TRADE
QLD1,2024/04/06 12:40:00,5435.47,52.62,TRADE
QLD1,2024/04/06 12:45:00,5478.61,46.66,TRADE
QLD1,2024/04/06 12:50:00,5469.9,48.55,TRADE
QLD1,2024/04/06 12:55:00,5391.58,38.75,TRADE
QLD1,2024/04/06 13:00:00,5466.22,48.55,TRADE
QLD1,2024/04/06 13:05:00,5458.95,44.78,TRADE
QLD1,2024/04/06 13:10:00,5413.21,48.55,TRADE
QLD1,2024/04/06 13:15:00,5388.21,38.75,TRADE
QLD1,2024/04/06 13:20:00,5522.75,38.75,TRADE
QLD1,2024/04/06 13:25:00,5580.37,48.55,TRADE
QLD1,2024/04/06 13:30:00,5661.19,48.75,TRADE
QLD1,2024/04/06 13:35:00,5638.71,48.75,TRADE
QLD1,2024/04/06 13:40:00,5665.39,44.70,TRADE
QLD1,2024/04/06 13:45:00,5691.98,48.55,TRADE
QLD1,2024/04/06 13:50:00,5748.92,48.75,TRADE
QLD1,2024/04/06 13:55:00,5730.94,48.75,TRADE
QLD1,2024/04/06 14:00:00,5822.3,52.62,TRADE
QLD1,2024/04/06 14:05:00,5840.11,59.75,TRADE
QLD1,2024/04/06 14:10:00,5911.78,61.57,TRADE
QLD1,2024/04/06 14:15:00,5949.18,48.75,TRADE
QLD1,2024/04/06 14:20:00,5895.56,59.55,TRADE
QLD1,2024/04/06 14:25:00,6028.29,85.55,TRADE
QLD1,2024/04/06 14:30:00,6070.38,85.55,TRADE
QLD1,2024/04/06 14:35:00,6142.63,85.55,TRADE
QLD1,2024/04/06 14:40:00,6109.82,85.55,TRADE
QLD1,2024/04/06 14:45:00,6185.29,68.73,TRADE
QLD1,2024/04/06 14:50:00,6286.71,524.99,TRADE
QLD1,2024/04/06 14:55:00,6297.4,63.73,TRADE
QLD1,2024/04/06 15:00:00,6363.6,110.94,TRADE
QLD1,2024/04/06 15:05:00,6341.56,62.73,TRADE
QLD1,2024/04/06 15:10:00,6414.25,64.10,TRADE
QLD1,2024/04/06 15:15:00,6497.02,85.55,TRADE
QLD1,2024/04/06 15:20:00,6551.68,85.55,TRADE
QLD1,2024/04/06 15:25:00,6619.33,100,TRADE
QLD1,2024/04/06 15:30:00,6740.29,138.97,TRADE
QLD1,2024/04/06 15:35:00,6774.25,98.51,TRADE
QLD1,2024/04/06 15:40:00,6846.28,104.40,TRADE
QLD1,2024/04/06 15:45:00,6951.55,85.55,TRADE
QLD1,2024/04/06 15:50:00,6975.41,108.26,TRADE
QLD1,2024/04/06 15:55:00,6982.02,97.52,TRADE
QLD1,2024/04/06 16:00:00,7029.02,112.38,TRADE
QLD1,2024/04/06 16:05:00,7053.52,118.91,TRADE
QLD1,2024/04/06 16:10:00,7197.93,114.59,TRADE
QLD1,2024/04/06 16:15:00,7255.41,99.75,TRADE
QLD1,2024/04/06 16:20:00,7295.93,115.75,TRADE
QLD1,2024/04/06 16:25:00,7422.01,155.60,TRADE
QLD1,2024/04/06 16:30:00,7476.36,122.80,TRADE
QLD1,2024/04/06 16:35:00,7478.63,81.81,TRADE
QLD1,2024/04/06 16:40:00,7467.99,97.26,TRADE
QLD1,2024/04/06 16:45:00,7574.47,100.32,TRADE
QLD1,2024/04/06 16:50:00,7513.18,115.75,TRADE
QLD1,2024/04/06 16:55:00,7602.03,123.42,TRADE
QLD1,2024/04/06 17:00:00,7658.6,138.97,TRADE
QLD1,2024/04/06 17:05:00,7712.27,155.08,TRADE
QLD1,2024/04/06 17:10:00,7714.1,156.12,TRADE
QLD1,2024/04/06 17:15:00,7756.95,194.01,TRADE
QLD1,2024/04/06 17:20:00,7720.35,157.43,TRADE
QLD1,2024/04/06 17:25:00,7691.58,157.44,TRADE
QLD1,2024/04/06 17:30:00,7807.88,265.01,TRADE
QLD1,2024/04/06 17:35:00,7853.22,280.02,TRADE
QLD1,2024/04/06 17:40:00,7702.06,194.01,TRADE
QLD1,2024/04/06 17:45:00,7761.53,285.75,TRADE
QLD1,2024/04/06 17:50:00,7811.56,285.75,TRADE
QLD1,2024/04/06 17:55:00,7830.92,360.55,TRADE
QLD1,2024/04/06 18:00:00,7837.61,285.75,TRADE
QLD1,2024/04/06 18:05:00,7747.79,261.55,TRADE
QLD1,2024/04/06 18:10:00,7786.63,263.01,TRADE
QLD1,2024/04/06 18:15:00,7807.68,263.01,TRADE
QLD1,2024/04/06 18:20:00,7847.32,285.75,TRADE
QLD1,2024/04/06 18:25:00,7811.04,285.75,TRADE
QLD1,2024/04/06 18:30:00,7769.26,261.55,TRADE
QLD1,2024/04/06 18:35:00,7728.95,261.01,TRADE
QLD1,2024/04/06 18:40:00,7716.71,261.01,TRADE
QLD1,2024/04/06 18:45:00,7714.82,194.01,TRADE
QLD1,2024/04/06 18:50:00,7759.03,261.01,TRADE
QLD1,2024/04/06 18:55:00,7708.88,261.01,TRADE
QLD1,2024/04/06 19:00:00,7720.29,144.61,TRADE
QLD1,2024/04/06 19:05:00,7693.7,138.99,TRADE
QLD1,2024/04/06 19:10:00,7618.56,138.99,TRADE
QLD1,2024/04/06 19:15:00,7613.03,138.99,TRADE
QLD1,2024/04/06 19:20:00,7641.16,138.99,TRADE
QLD1,2024/04/06 19:25:00,7595.93,138.98,TRADE
QLD1,2024/04/06 19:30:00,7569.8,138.98,TRADE
QLD1,2024/04/06 19:35:00,7515.92,138.98,TRADE
QLD1,2024/04/06 19:40:00,7496.31,102.77,TRADE
QLD1,2024/04/06 19:45:00,7535.67,138.97,TRADE
QLD1,2024/04/06 19:50:00,7539.52,138.97,TRADE
QLD1,2024/04/06 19:55:00,7638.89,138.98,TRADE
QLD1,2024/04/06 20:00:00,7641.67,138.97,TRADE
QLD1,2024/04/06 20:05:00,7554.79,138.97,TRADE
QLD1,2024/04/06 20:10:00,7491.19,138.97,TRADE
QLD1,2024/04/06 20:15:00,7504.52,138.98,TRADE
QLD1,2024/04/06 20:20:00,7442.76,124.31,TRADE
QLD1,2024/04/06 20:25:00,7456.3,124.41,TRADE
QLD1,2024/04/06 20:30:00,7437.86,115.75,TRADE
QLD1,2024/04/06 20:35:00,7371,117.30,TRADE
QLD1,2024/04/06 20:40:00,7356.52,127.97,TRADE
QLD1,2024/04/06 20:45:00,7333.48,129.21,TRADE
QLD1,2024/04/06 20:50:00,7254.08,122.29,TRADE
QLD1,2024/04/06 20:55:00,7258.11,125.03,TRADE
QLD1,2024/04/06 21:00:00,7220.92,99.52,TRADE
QLD1,2024/04/06 21:05:00,7191.4,138.05,TRADE
QLD1,2024/04/06 21:10:00,7166.46,138.98,TRADE
QLD1,2024/04/06 21:15:00,7147.72,138.98,TRADE
QLD1,2024/04/06 21:20:00,7124.56,136.73,TRADE
QLD1,2024/04/06 21:25:00,7094.91,126.50,TRADE
QLD1,2024/04/06 21:30:00,7079.14,126.47,TRADE
QLD1,2024/04/06 21:35:00,6987.48,123.98,TRADE
QLD1,2024/04/06 21:40:00,6934.21,116.99,TRADE
QLD1,2024/04/06 21:45:00,6945.47,122.34,TRADE
QLD1,2024/04/06 21:50:00,6910.65,116.20,TRADE
QLD1,2024/04/06 21:55:00,6884.89,117.28,TRADE
QLD1,2024/04/06 22:00:00,6849.48,115.75,TRADE
QLD1,2024/04/06 22:05:00,6783.73,129.75,TRADE
QLD1,2024/04/06 22:10:00,6822.25,145.63,TRADE
QLD1,2024/04/06 22:15:00,6861.48,264.39,TRADE
QLD1,2024/04/06 22:20:00,6832.1,285.75,TRADE
QLD1,2024/04/06 22:25:00,6785.35,285.75,TRADE
QLD1,2024/04/06 22:30:00,6732.37,285.75,TRADE
QLD1,2024/04/06 22:35:00,6623.76,261.55,TRADE
QLD1,2024/04/06 22:40:00,6629.59,285.75,TRADE
QLD1,2024/04/06 22:45:00,6654.79,360.55,TRADE
QLD1,2024/04/06 22:50:00,6615.11,285.75,TRADE
QLD1,2024/04/06 22:55:00,6520.76,263.01,TRADE
QLD1,2024/04/06 23:00:00,6516.59,261.55,TRADE
QLD1,2024/04/06 23:05:00,6543.95,285.75,TRADE
QLD1,2024/04/06 23:10:00,6526.42,261.55,TRADE
QLD1,2024/04/06 23:15:00,6483.53,143.83,TRADE
QLD1,2024/04/06 23:20:00,6502.39,261.55,TRADE
QLD1,2024/04/06 23:25:00,6459.79,261.55,TRADE
QLD1,2024/04/06 23:30:00,6340.22,138.98,TRADE
QLD1,2024/04/06 23:35:00,6334.81,138.98,TRADE
QLD1,2024/04/06 23:40:00,6344.09,261.55,TRADE
QLD1,2024/04/06 23:45:00,6257.84,120.65,TRADE
QLD1,2024/04/06 23:50:00,6300.53,138.98,TRADE
QLD1,2024/04/06 23:55:00,6261.01,120.87,TRADE
QLD1,2024/04/07 00:00:00,6204.72,100.55,TRADE
QLD1,2024/04/07 00:05:00,6214.71,102.87,TRADE
QLD1,2024/04/07 00:10:00,6195.63,101.28,TRADE
QLD1,2024/04/07 00:15:00,6176.9,102.08,TRADE
QLD1,2024/04/07 00:20:00,6117,91.02,TRADE
QLD1,2024/04/07 00:25:00,6167.23,100.55,TRADE
QLD1,2024/04/07 00:30:00,6122.15,145.63,TRADE
QLD1,2024/04/07 00:35:00,6047.52,100.55,TRADE
QLD1,2024/04/07 00:40:00,6045.31,100.55,TRADE
QLD1,2024/04/07 00:45:00,6050.97,100.55,TRADE
QLD1,2024/04/07 00:50:00,5980.25,100.55,TRADE
QLD1,2024/04/07 00:55:00,5999.41,100.55,TRADE
QLD1,2024/04/07 01:00:00,5992.39,100.55,TRADE
QLD1,2024/04/07 01:05:00,5990.52,101.42,TRADE
QLD1,2024/04/07 01:10:00,5943.66,100.55,TRADE
QLD1,2024/04/07 01:15:00,5963.86,100.97,TRADE
QLD1,2024/04/07 01:20:00,5946.56,100.92,TRADE
QLD1,2024/04/07 01:25:00,5927.7,100.55,TRADE
QLD1,2024/04/07 01:30:00,5884.51,86.24,TRADE
QLD1,2024/04/07 01:35:00,5882.64,100.55,TRADE
QLD1,2024/04/07 01:40:00,5948.98,100.55,TRADE
QLD1,2024/04/07 01:45:00,5945.61,194.01,TRADE
QLD1,2024/04/07 01:50:00,5924.84,194.01,TRADE
QLD1,2024/04/07 01:55:00,5856.11,194.01,TRADE
QLD1,2024/04/07 02:00:00,5850.98,261.55,TRADE
QLD1,2024/04/07 02:05:00,5874.3,263.01,TRADE
QLD1,2024/04/07 02:10:00,5908.79,263.01,TRADE
QLD1,2024/04/07 02:15:00,5848.5,101.32,TRADE
QLD1,2024/04/07 02:20:00,5817.84,100.55,TRADE
QLD1,2024/04/07 02:25:00,5788.97,88.82,TRADE
QLD1,2024/04/07 02:30:00,5849.52,100.55,TRADE
QLD1,2024/04/07 02:35:00,5783.14,99.10,TRADE
QLD1,2024/04/07 02:40:00,5773.47,98.51,TRADE
QLD1,2024/04/07 02:45:00,5797.18,98.13,TRADE
QLD1,2024/04/07 02:50:00,5739.81,85.75,TRADE
QLD1,2024/04/07 02:55:00,5817.64,100.55,TRADE
QLD1,2024/04/07 03:00:00,5745.56,99.11,TRADE
QLD1,2024/04/07 03:05:00,5735.14,90.03,TRADE
QLD1,2024/04/07 03:10:00,5784.48,100.55,TRADE
QLD1,2024/04/07 03:15:00,5765.24,100.55,TRADE
QLD1,2024/04/07 03:20:00,5826.33,105.23,TRADE
QLD1,2024/04/07 03:25:00,5750.72,100.55,TRADE
QLD1,2024/04/07 03:30:00,5801.45,100.55,TRADE
QLD1,2024/04/07 03:35:00,5754.52,100.55,TRADE
QLD1,2024/04/07 03:40:00,5731.57,100.55,TRADE
QLD1,2024/04/07 03:45:00,5765.12,100.55,TRADE
QLD1,2024/04/07 03:50:00,5789.57,100.55,TRADE
QLD1,2024/04/07 03:55:00,5807.91,100.55,TRADE
QLD1,2024/04/07 04:00:00,5743.35,99.72,TRADE
QLD1,2024/04/07 04:05:00,5780.89,88.58,TRADE
QLD1,2024/04/07 04:10:00,5779.46,99.28,TRADE
QLD1,2024/04/07 04:15:00,5781.7,99.85,TRADE
QLD1,2024/04/07 04:20:00,5765.73,98.70,TRADE
QLD1,2024/04/07 04:25:00,5790.8,100.40,TRADE
QLD1,2024/04/07 04:30:00,5759.22,99.68,TRADE
QLD1,2024/04/07 04:35:00,5745.05,99.08,TRADE
QLD1,2024/04/07 04:40:00,5787.05,101.32,TRADE
QLD1,2024/04/07 04:45:00,5798.52,100.48,TRADE
QLD1,2024/04/07 04:50:00,5760.93,98.70,TRADE
QLD1,2024/04/07 04:55:00,5739.83,99.75,TRADE
QLD1,2024/04/07 05:00:00,5726.59,99.07,TRADE
QLD1,2024/04/07 05:05:00,5752.62,85.79,TRADE
QLD1,2024/04/07 05:10:00,5774.94,99.81,TRADE
QLD1,2024/04/07 05:15:00,5715.77,99.17,TRADE
QLD1,2024/04/07 05:20:00,5755.39,99.85,TRADE
QLD1,2024/04/07 05:25:00,5783.71,99.94,TRADE
QLD1,2024/04/07 05:30:00,5799.4,100.55,TRADE
QLD1,2024/04/07 05:35:00,5785.8,100.01,TRADE
QLD1,2024/04/07 05:40:00,5825.46,100.55,TRADE
QLD1,2024/04/07 05:45:00,5773.76,99.94,TRADE
QLD1,2024/04/07 05:50:00,5790.96,100.55,TRADE
QLD1,2024/04/07 05:55:00,5887.73,104.42,TRADE
QLD1,2024/04/07 06:00:00,5834.64,100.55,TRADE
QLD1,2024/04/07 06:05:00,5870.86,85.55,TRADE
QLD1,2024/04/07 06:10:00,5926.88,100.55,TRADE
QLD1,2024/04/07 06:15:00,5973.52,100.55,TRADE
QLD1,2024/04/07 06:20:00,5937.62,100.55,TRADE
QLD1,2024/04/07 06:25:00,5981.81,100.55,TRADE
QLD1,2024/04/07 06:30:00,5922.2,99.94,TRADE
QLD1,2024/04/07 06:35:00,5933,99.37,TRADE
QLD1,2024/04/07 06:40:00,5976.34,100.03,TRADE
QLD1,2024/04/07 06:45:00,5926.07,85.55,TRADE
QLD1,2024/04/07 06:50:00,5949.67,100.44,TRADE
QLD1,2024/04/07 06:55:00,6027.47,100.55,TRADE
QLD1,2024/04/07 07:00:00,5987.78,85.55,TRADE
QLD1,2024/04/07 07:05:00,5953.86,69.50,TRADE
QLD1,2024/04/07 07:10:00,6010.34,87.98,TRADE
QLD1,2024/04/07 07:15:00,6017.81,99.26,TRADE
QLD1,2024/04/07 07:20:00,6071.94,100.55,TRADE
QLD1,2024/04/07 07:25:00,6020.96,83.09,TRADE
QLD1,2024/04/07 07:30:00,6025.8,62.84,TRADE
QLD1,2024/04/07 07:35:00,5998.93,79.31,TRADE
QLD1,2024/04/07 07:40:00,6002.76,90.91,TRADE
QLD1,2024/04/07 07:45:00,6017.04,72.10,TRADE
QLD1,2024/04/07 07:50:00,5952.87,59.75,TRADE
QLD1,2024/04/07 07:55:00,5933.01,54.88,TRADE
QLD1,2024/04/07 08:00:00,5910.89,59.55,TRADE
QLD1,2024/04/07 08:05:00,5896.94,78.83,TRADE
QLD1,2024/04/07 08:10:00,5893.79,121.91,TRADE
QLD1,2024/04/07 08:15:00,5904.8,88.10,TRADE
QLD1,2024/04/07 08:20:00,5807.97,66.89,TRADE
QLD1,2024/04/07 08:25:00,5826.87,59.55,TRADE
QLD1,2024/04/07 08:30:00,5808.77,58.99,TRADE
QLD1,2024/04/07 08:35:00,5652.8,23.27,TRADE
QLD1,2024/04/07 08:40:00,5691.45,38.55,TRADE
QLD1,2024/04/07 08:45:00,5669.45,38.75,TRADE
QLD1,2024/04/07 08:50:00,5605.77,38.55,TRADE
QLD1,2024/04/07 08:55:00,5602.18,38.75,TRADE
QLD1,2024/04/07 09:00:00,5536.28,38.55,TRADE
QLD1,2024/04/07 09:05:00,5501.4,38.75,TRADE
QLD1,2024/04/07 09:10:00,5527.24,43.20,TRADE
QLD1,2024/04/07 09:15:00,5505.95,38.55,TRADE
QLD1,2024/04/07 09:20:00,5420.82,38.55,TRADE
QLD1,2024/04/07 09:25:00,5284.26,34.75,TRADE
QLD1,2024/04/07 09:30:00,5320.52,49.41,TRADE
QLD1,2024/04/07 09:35:00,5367.74,38.75,TRADE
QLD1,2024/04/07 09:40:00,5291.24,22.86,TRADE
QLD1,2024/04/07 09:45:00,5349.79,42.51,TRADE
QLD1,2024/04/07 09:50:00,5294.9,24.16,TRADE
QLD1,2024/04/07 09:55:00,5262.78,26.91,TRADE
QLD1,2024/04/07 10:00:00,5370.6,29.25,TRADE
QLD1,2024/04/07 10:05:00,5245.38,11.08,TRADE
QLD1,2024/04/07 10:10:00,5181.72,22.57,TRADE
QLD1,2024/04/07 10:15:00,5183.82,21.57,TRADE
QLD1,2024/04/07 10:20:00,5079.42,9.63,TRADE
QLD1,2024/04/07 10:25:00,5157.12,3.10,TRADE
QLD1,2024/04/07 10:30:00,5127.21,9.39,TRADE
QLD1,2024/04/07 10:35:00,4987.64,3.49,TRADE
QLD1,2024/04/07 10:40:00,5093.99,-9.96,TRADE
QLD1,2024/04/07 10:45:00,5057.5,9.37,TRADE
QLD1,2024/04/07 10:50:00,4962.26,0,TRADE
QLD1,2024/04/07 10:55:00,4959.16,-1.59,TRADE
QLD1,2024/04/07 11:00:00,4987.18,-12.98,TRADE
QLD1,2024/04/07 11:05:00,5043.13,0.02,TRADE
QLD1,2024/04/07 11:10:00,4966.7,8.59,TRADE
QLD1,2024/04/07 11:15:00,4896.41,0.48,TRADE
QLD1,2024/04/07 11:20:00,4856.18,8.42,TRADE
QLD1,2024/04/07 11:25:00,4872.45,-10.90,TRADE
QLD1,2024/04/07 11:30:00,4870.83,-19.15,TRADE
QLD1,2024/04/07 11:35:00,4799.6,-20.06,TRADE
QLD1,2024/04/07 11:40:00,4884.89,-13.60,TRADE
QLD1,2024/04/07 11:45:00,4926.66,-14.08,TRADE
QLD1,2024/04/07 11:50:00,4967.04,-13.46,TRADE
QLD1,2024/04/07 11:55:00,5040.01,-14.12,TRADE
QLD1,2024/04/07 12:00:00,4994.25,-20.50,TRADE
QLD1,2024/04/07 12:05:00,4951.42,-20.50,TRADE
QLD1,2024/04/07 12:10:00,4935.3,-21.51,TRADE
QLD1,2024/04/07 12:15:00,4920.04,-20.50,TRADE
QLD1,2024/04/07 12:20:00,4960.34,-22.68,TRADE
QLD1,2024/04/07 12:25:00,4945.3,-35,TRADE
QLD1,2024/04/07 12:30:00,4987.21,-10.18,TRADE
QLD1,2024/04/07 12:35:00,5112.8,-9.62,TRADE
QLD1,2024/04/07 12:40:00,5098.2,-11.41,TRADE
QLD1,2024/04/07 12:45:00,5175.9,-11.63,TRADE
QLD1,2024/04/07 12:50:00,5153.82,-10.80,TRADE
QLD1,2024/04/07 12:55:00,5223.41,0,TRADE
QLD1,2024/04/07 13:00:00,5279.56,-10,TRADE
QLD1,2024/04/07 13:05:00,5304.2,0.02,TRADE
QLD1,2024/04/07 13:10:00,5398.46,26.26,TRADE
QLD1,2024/04/07 13:15:00,5440.25,26.31,TRADE
QLD1,2024/04/07 13:20:00,5492.71,26.68,TRADE
QLD1,2024/04/07 13:25:00,5605.89,26.57,TRADE
QLD1,2024/04/07 13:30:00,5691.35,26.61,TRADE
QLD1,2024/04/07 13:35:00,5710.67,0.03,TRADE
QLD1,2024/04/07 13:40:00,5697.53,28.87,TRADE
QLD1,2024/04/07 13:45:00,5653.95,26.90,TRADE
QLD1,2024/04/07 13:50:00,5598.66,1.02,TRADE
QLD1,2024/04/07 13:55:00,5607.79,11.17,TRADE
QLD1,2024/04/07 14:00:00,5578.49,34.70,TRADE
QLD1,2024/04/07 14:05:00,5633.65,25.34,TRADE
QLD1,2024/04/07 14:10:00,5612.62,25.14,TRADE
QLD1,2024/04/07 14:15:00,5558.32,35.15,TRADE
QLD1,2024/04/07 14:20:00,5678.15,38.55,TRADE
QLD1,2024/04/07 14:25:00,5694.15,38.55,TRADE
QLD1,2024/04/07 14:30:00,5752.75,38.55,TRADE
QLD1,2024/04/07 14:35:00,5767.81,20.75,TRADE
QLD1,2024/04/07 14:40:00,5855.84,34.75,TRADE
QLD1,2024/04/07 14:45:00,5941.04,57.75,TRADE
QLD1,2024/04/07 14:50:00,6035.62,65.02,TRADE
QLD1,2024/04/07 14:55:00,6150.11,62.73,TRADE
QLD1,2024/04/07 15:00:00,6251.72,59.75,TRADE
QLD1,2024/04/07 15:05:00,6365.77,48.55,TRADE
QLD1,2024/04/07 15:10:00,6431.63,46.82,TRADE
QLD1,2024/04/07 15:15:00,6480.19,48.55,TRADE
QLD1,2024/04/07 15:20:00,6490.97,48.75,TRADE
QLD1,2024/04/07 15:25:00,6535.48,59.55,TRADE
QLD1,2024/04/07 15:30:00,6602.7,88.30,TRADE
QLD1,2024/04/07 15:35:00,6777.14,40.69,TRADE
QLD1,2024/04/07 15:40:00,6815.73,40.95,TRADE
QLD1,2024/04/07 15:45:00,6868.21,48.75,TRADE
QLD1,2024/04/07 15:50:00,7071.58,59.55,TRADE
QLD1,2024/04/07 15:55:00,7099.21,59.55,TRADE
QLD1,2024/04/07 16:00:00,7196.26,85.55,TRADE
QLD1,2024/04/07 16:05:00,7268.21,64.99,TRADE
QLD1,2024/04/07 16:10:00,7241.72,59.75,TRADE
QLD1,2024/04/07 16:15:00,7387.6,66.39,TRADE
QLD1,2024/04/07 16:20:00,7405.34,59.75,TRADE
QLD1,2024/04/07 16:25:00,7454.46,59.75,TRADE
QLD1,2024/04/07 16:30:00,7470.73,85.55,TRADE
QLD1,2024/04/07 16:35:00,7528.09,140.17,TRADE
QLD1,2024/04/07 16:40:00,7601.11,138.97,TRADE
QLD1,2024/04/07 16:45:00,7603.49,150.48,TRADE
QLD1,2024/04/07 16:50:00,7653.11,138.97,TRADE
QLD1,2024/04/07 16:55:00,7688.64,151.86,TRADE
QLD1,2024/04/07 17:00:00,7713.9,155.13,TRADE
QLD1,2024/04/07 17:05:00,7837.45,136.98,TRADE
QLD1,2024/04/07 17:10:00,7780.05,117.86,TRADE
QLD1,2024/04/07 17:15:00,7789.65,138.98,TRADE
QLD1,2024/04/07 17:20:00,7872.44,263.01,TRADE
QLD1,2024/04/07 17:25:00,7871.88,285.75,TRADE
QLD1,2024/04/07 17:30:00,7959.16,285.75,TRADE
QLD1,2024/04/07 17:35:00,7853.01,261.55,TRADE
QLD1,2024/04/07 17:40:00,7839.31,261.55,TRADE
QLD1,2024/04/07 17:45:00,7916.71,285.75,TRADE
QLD1,2024/04/07 17:50:00,7847.77,261.55,TRADE
QLD1,2024/04/07 17:55:00,7914.03,261.55,TRADE
QLD1,2024/04/07 18:00:00,7975.86,285.75,TRADE
QLD1,2024/04/07 18:05:00,7949.57,285.75,TRADE
QLD1,2024/04/07 18:10:00,7989.77,296.38,TRADE
QLD1,2024/04/07 18:15:00,8019.89,296.38,TRADE
QLD1,2024/04/07 18:20:00,7998.24,290.31,TRADE
QLD1,2024/04/07 18:25:00,7991.04,290.31,TRADE
QLD1,2024/04/07 18:30:00,7990.43,290.31,TRADE
QLD1,2024/04/07 18:35:00,7936.31,285.75,TRADE
QLD1,2024/04/07 18:40:00,7931.33,261.55,TRADE
QLD1,2024/04/07 18:45:00,7881.29,206.58,TRADE
QLD1,2024/04/07 18:50:00,7855.29,182.63,TRADE
QLD1,2024/04/07 18:55:00,7855.61,182.63,TRADE
QLD1,2024/04/07 19:00:00,7811.97,144.61,TRADE
QLD1,2024/04/07 19:05:00,7827.96,261.55,TRADE
QLD1,2024/04/07 19:10:00,7783.9,261.55,TRADE
QLD1,2024/04/07 19:15:00,7645.73,144.61,TRADE
QLD1,2024/04/07 19:20:00,7595.82,138.99,TRADE
QLD1,2024/04/07 19:25:00,7663.4,138.97,TRADE
QLD1,2024/04/07 19:30:00,7622.75,136.70,TRADE
QLD1,2024/04/07 19:35:00,7533.96,115.75,TRADE
QLD1,2024/04/07 19:40:00,7489.06,104.13,TRADE
QLD1,2024/04/07 19:45:00,7532.9,103.50,TRADE
QLD1,2024/04/07 19:50:00,7563.21,115.75,TRADE
QLD1,2024/04/07 19:55:00,7506.78,115.75,TRADE
QLD1,2024/04/07 20:00:00,7486.7,115.75,TRADE
QLD1,2024/04/07 20:05:00,7442.16,134.35,TRADE
QLD1,2024/04/07 20:10:00,7466.44,135.96,TRADE
QLD1,2024/04/07 20:15:00,7381.92,115.68,TRADE
QLD1,2024/04/07 20:20:00,7338.81,115.75,TRADE
QLD1,2024/04/07 20:25:00,7324.97,111.04,TRADE
QLD1,2024/04/07 20:30:00,7323.93,120.51,TRADE
QLD1,2024/04/07 20:35:00,7372.57,108.19,TRADE
QLD1,2024/04/07 20:40:00,7282.18,101.03,TRADE
QLD1,2024/04/07 20:45:00,7214.99,99.32,TRADE
QLD1,2024/04/07 20:50:00,7194.57,101.43,TRADE
QLD1,2024/04/07 20:55:00,7197.31,102.05,TRADE
QLD1,2024/04/07 21:00:00,7149.83,101.40,TRADE
QLD1,2024/04/07 21:05:00,7242.75,158.18,TRADE
QLD1,2024/04/07 21:10:00,7152.5,155.97,TRADE
QLD1,2024/04/07 21:15:00,7143.69,134.15,TRADE
QLD1,2024/04/07 21:20:00,7106.79,154.66,TRADE
QLD1,2024/04/07 21:25:00,7020.42,115.75,TRADE
QLD1,2024/04/07 21:30:00,7036.88,120.45,TRADE
QLD1,2024/04/07 21:35:00,6963.65,132.69,TRADE
QLD1,2024/04/07 21:40:00,6906.22,134.61,TRADE
QLD1,2024/04/07 21:45:00,6847.58,134.10,TRADE
QLD1,2024/04/07 21:50:00,6797.31,135.72,TRADE
QLD1,2024/04/07 21:55:00,6768,129.64,TRADE
QLD1,2024/04/07 22:00:00,6643.31,99.89,TRADE
QLD1,2024/04/07 22:05:00,6635.96,145.24,TRADE
QLD1,2024/04/07 22:10:00,6620.65,153.48,TRADE
QLD1,2024/04/07 22:15:00,6695.92,285.75,TRADE
QLD1,2024/04/07 22:20:00,6652.92,285.75,TRADE
QLD1,2024/04/07 22:25:00,6608.7,285.75,TRADE
QLD1,2024/04/07 22:30:00,6505.34,132.61,TRADE
QLD1,2024/04/07 22:35:00,6428.2,135.17,TRADE
QLD1,2024/04/07 22:40:00,6498.88,153.91,TRADE
QLD1,2024/04/07 22:45:00,6473.27,145.20,TRADE
QLD1,2024/04/07 22:50:00,6458.82,156.71,TRADE
QLD1,2024/04/07 22:55:00,6392.32,144.61,TRADE
QLD1,2024/04/07 23:00:00,6396.58,145.20,TRADE
QLD1,2024/04/07 23:05:00,6317.89,137.96,TRADE
QLD1,2024/04/07 23:10:00,6308.45,154.29,TRADE
QLD1,2024/04/07 23:15:00,6280.81,155.11,TRADE
QLD1,2024/04/07 23:20:00,6314.59,261.55,TRADE
QLD1,2024/04/07 23:25:00,6280.32,190.30,TRADE
QLD1,2024/04/07 23:30:00,6121.71,122.08,TRADE
QLD1,2024/04/07 23:35:00,6183.29,133.40,TRADE
QLD1,2024/04/07 23:40:00,6192.98,138.98,TRADE
QLD1,2024/04/07 23:45:00,6164.07,138.98,TRADE
QLD1,2024/04/07 23:50:00,6159.99,108.49,TRADE
QLD1,2024/04/07 23:55:00,6156.18,130.57,TRADE
QLD1,2024/04/08 00:00:00,6148.47,141.52,TRADE
QLD1,2024/04/08 00:05:00,6008.89,108.78,TRADE
QLD1,2024/04/08 00:10:00,5993.49,125.32,TRADE
QLD1,2024/04/08 00:15:00,6053.75,128.65,TRADE
QLD1,2024/04/08 00:20:00,5958.52,99.32,TRADE
QLD1,2024/04/08 00:25:00,5914.72,100.55,TRADE
QLD1,2024/04/08 00:30:00,5905.31,104.93,TRADE
QLD1,2024/04/08 00:35:00,5911.89,122.79,TRADE
QLD1,2024/04/08 00:40:00,5921.32,123.28,TRADE
QLD1,2024/04/08 00:45:00,5914.64,124.22,TRADE
QLD1,2024/04/08 00:50:00,5912.28,100.55,TRADE
QLD1,2024/04/08 00:55:00,5886.72,123.36,TRADE
QLD1,2024/04/08 01:00:00,5861.26,100.55,TRADE
QLD1,2024/04/08 01:05:00,5887.66,126.41,TRADE
QLD1,2024/04/08 01:10:00,5824.61,125.54,TRADE
QLD1,2024/04/08 01:15:00,5811.25,129.87,TRADE
QLD1,2024/04/08 01:20:00,5775.38,100.94,TRADE
QLD1,2024/04/08 01:25:00,5775.53,106.67,TRADE
QLD1,2024/04/08 01:30:00,5822.56,104.71,TRADE
QLD1,2024/04/08 01:35:00,5747.1,95.69,TRADE
QLD1,2024/04/08 01:40:00,5760.28,100.55,TRADE
QLD1,2024/04/08 01:45:00,5793.25,100.55,TRADE
QLD1,2024/04/08 01:50:00,5762.43,95.67,TRADE
QLD1,2024/04/08 01:55:00,5728.53,85.75,TRADE
QLD1,2024/04/08 02:00:00,5767.61,95.60,TRADE
QLD1,2024/04/08 02:05:00,5779.65,85.75,TRADE
QLD1,2024/04/08 02:10:00,5773.2,100.55,TRADE
QLD1,2024/04/08 02:15:00,5726.04,95.64,TRADE
QLD1,2024/04/08 02:20:00,5779.11,96.79,TRADE
QLD1,2024/04/08 02:25:00,5708.94,85.75,TRADE
QLD1,2024/04/08 02:30:00,5780.16,96.40,TRADE
QLD1,2024/04/08 02:35:00,5663.82,89.24,TRADE
QLD1,2024/04/08 02:40:00,5688.86,85.75,TRADE
QLD1,2024/04/08 02:45:00,5686.72,85.75,TRADE
QLD1,2024/04/08 02:50:00,5642.28,97.66,TRADE
QLD1,2024/04/08 02:55:00,5689.41,95.05,TRADE
QLD1,2024/04/08 03:00:00,5647.37,93.99,TRADE
QLD1,2024/04/08 03:05:00,5645.3,94.07,TRADE
QLD1,2024/04/08 03:10:00,5631.86,97.78,TRADE
QLD1,2024/04/08 03:15:00,5656.79,94.76,TRADE
QLD1,2024/04/08 03:20:00,5629.65,94.14,TRADE
QLD1,2024/04/08 03:25:00,5632.44,85.75,TRADE
QLD1,2024/04/08 03:30:00,5634.52,93.18,TRADE
QLD1,2024/04/08 03:35:00,5668.85,94.66,TRADE
QLD1,2024/04/08 03:40:00,5665.11,94.65,TRADE
QLD1,2024/04/08 03:45:00,5651.19,95.09,TRADE
QLD1,2024/04/08 03:50:00,5695.11,98.89,TRADE
QLD1,2024/04/08 03:55:00,5646.42,94.71,TRADE
QLD1,2024/04/08 04:00:00,5668.68,95.86,TRADE
QLD1,2024/04/08 04:05:00,5661.8,93.79,TRADE
QLD1,2024/04/08 04:10:00,5718.85,95.46,TRADE
QLD1,2024/04/08 04:15:00,5737.58,96.03,TRADE
QLD1,2024/04/08 04:20:00,5792.46,99.32,TRADE
QLD1,2024/04/08 04:25:00,5817.67,100.55,TRADE
QLD1,2024/04/08 04:30:00,5799.26,97.34,TRADE
QLD1,2024/04/08 04:35:00,5729.02,95.13,TRADE
QLD1,2024/04/08 04:40:00,5761.19,96.72,TRADE
QLD1,2024/04/08 04:45:00,5798.61,100.55,TRADE
QLD1,2024/04/08 04:50:00,5787.73,100.55,TRADE
QLD1,2024/04/08 04:55:00,5840.85,97.52,TRADE
QLD1,2024/04/08 05:00:00,5811.16,100.55,TRADE
QLD1,2024/04/08 05:05:00,5925.04,100.55,TRADE
QLD1,2024/04/08 05:10:00,5923.4,126.91,TRADE
QLD1,2024/04/08 05:15:00,6023.5,145.20,TRADE
QLD1,2024/04/08 05:20:00,6018.66,132.74,TRADE
QLD1,2024/04/08 05:25:00,6038.74,131.33,TRADE
QLD1,2024/04/08 05:30:00,6103.54,131.55,TRADE
QLD1,2024/04/08 05:35:00,6121.16,103.57,TRADE
QLD1,2024/04/08 05:40:00,6159.6,127.83,TRADE
QLD1,2024/04/08 05:45:00,6246.62,129.77,TRADE
QLD1,2024/04/08 05:50:00,6176.23,127.94,TRADE
QLD1,2024/04/08 05:55:00,6211.66,138.75,TRADE
QLD1,2024/04/08 06:00:00,6259.67,137.34,TRADE
QLD1,2024/04/08 06:05:00,6317.81,127.19,TRADE
QLD1,2024/04/08 06:10:00,6356.85,176.65,TRADE
QLD1,2024/04/08 06:15:00,6431.97,261.55,TRADE
QLD1,2024/04/08 06:20:00,6389.46,191.58,TRADE
QLD1,2024/04/08 06:25:00,6388.51,196.47,TRADE
QLD1,2024/04/08 06:30:00,6491.89,194.01,TRADE
QLD1,2024/04/08 06:35:00,6496.89,261.55,TRADE
QLD1,2024/04/08 06:40:00,6473.66,183.23,TRADE
QLD1,2024/04/08 06:45:00,6524.5,163.99,TRADE
QLD1,2024/04/08 06:50:00,6484.55,160.56,TRADE
QLD1,2024/04/08 06:55:00,6519.09,157.73,TRADE
QLD1,2024/04/08 07:00:00,6576.07,103.95,TRADE
QLD1,2024/04/08 07:05:00,6576.16,86.10,TRADE
QLD1,2024/04/08 07:10:00,6599.52,84.05,TRADE
QLD1,2024/04/08 07:15:00,6580.47,86.88,TRADE
QLD1,2024/04/08 07:20:00,6528.63,85.55,TRADE
QLD1,2024/04/08 07:25:00,6557.12,61.16,TRADE
QLD1,2024/04/08 07:30:00,6519.89,73.91,TRADE
QLD1,2024/04/08 07:35:00,6526.84,91.24,TRADE
QLD1,2024/04/08 07:40:00,6428.34,63.72,TRADE
QLD1,2024/04/08 07:45:00,6361.21,64.10,TRADE
QLD1,2024/04/08 07:50:00,6306.54,59.75,TRADE
QLD1,2024/04/08 07:55:00,6334.04,59.75,TRADE
QLD1,2024/04/08 08:00:00,6350.83,61.69,TRADE
QLD1,2024/04/08 08:05:00,6280.86,59.55,TRADE
QLD1,2024/04/08 08:10:00,6269.22,59.55,TRADE
QLD1,2024/04/08 08:15:00,6235.63,59.75,TRADE
QLD1,2024/04/08 08:20:00,6152.5,53.36,TRADE
QLD1,2024/04/08 08:25:00,6056.66,57.34,TRADE
QLD1,2024/04/08 08:30:00,6047.22,48.55,TRADE
QLD1,2024/04/08 08:35:00,5955.72,49.49,TRADE
QLD1,2024/04/08 08:40:00,5994.2,51.43,TRADE
QLD1,2024/04/08 08:45:00,5988.46,48.75,TRADE
QLD1,2024/04/08 08:50:00,5902.59,48.75,TRADE
QLD1,2024/04/08 08:55:00,5796.04,43.74,TRADE
QLD1,2024/04/08 09:00:00,5748.72,48.75,TRADE
QLD1,2024/04/08 09:05:00,5741.72,48.75,TRADE
QLD1,2024/04/08 09:10:00,5688.44,48.54,TRADE
QLD1,2024/04/08 09:15:00,5646.2,38.55,TRADE
QLD1,2024/04/08 09:20:00,5620.15,38.75,TRADE
QLD1,2024/04/08 09:25:00,5519.14,38.75,TRADE
QLD1,2024/04/08 09:30:00,5475.11,18.49,TRADE
QLD1,2024/04/08 09:35:00,5453.38,8.83,TRADE
QLD1,2024/04/08 09:40:00,5335.99,8.49,TRADE
QLD1,2024/04/08 09:45:00,5314.82,32.88,TRADE
QLD1,2024/04/08 09:50:00,5262.85,8.51,TRADE
QLD1,2024/04/08 09:55:00,5206.97,0.02,TRADE
QLD1,2024/04/08 10:00:00,5260.06,8.77,TRADE
QLD1,2024/04/08 10:05:00,5138.56,-8.22,TRADE
QLD1,2024/04/08 10:10:00,5146.13,34.75,TRADE
QLD1,2024/04/08 10:15:00,5233.61,9.12,TRADE
QLD1,2024/04/08 10:20:00,5177.45,19.67,TRADE
QLD1,2024/04/08 10:25:00,5212.52,34.75,TRADE
QLD1,2024/04/08 10:30:00,5086.02,34.75,TRADE
QLD1,2024/04/08 10:35:00,5053.05,0,TRADE
QLD1,2024/04/08 10:40:00,5141.7,-10.20,TRADE
QLD1,2024/04/08 10:45:00,5171.19,-19.50,TRADE
QLD1,2024/04/08 10:50:00,5191.53,34.75,TRADE
QLD1,2024/04/08 10:55:00,5258.38,40.58,TRADE
QLD1,2024/04/08 11:00:00,5265.43,35.36,TRADE
QLD1,2024/04/08 11:05:00,5231.61,5.73,TRADE
QLD1,2024/04/08 11:10:00,5328.54,1.70,TRADE
QLD1,2024/04/08 11:15:00,5254.13,30.90,TRADE
QLD1,2024/04/08 11:20:00,5261.53,34.75,TRADE
QLD1,2024/04/08 11:25:00,5255.01,10.19,TRADE
QLD1,2024/04/08 11:30:00,5210.84,38.55,TRADE
QLD1,2024/04/08 11:35:00,5203.94,39.48,TRADE
QLD1,2024/04/08 11:40:00,5336.84,36.09,TRADE
QLD1,2024/04/08 11:45:00,5313.63,38.55,TRADE
QLD1,2024/04/08 11:50:00,5385.02,38.75,TRADE
QLD1,2024/04/08 11:55:00,5395.04,31.26,TRADE
QLD1,2024/04/08 12:00:00,5307.36,28.21,TRADE
QLD1,2024/04/08 12:05:00,5230.45,-10.50,TRADE
QLD1,2024/04/08 12:10:00,5290.89,33.44,TRADE
QLD1,2024/04/08 12:15:00,5290.91,34.75,TRADE
QLD1,2024/04/08 12:20:00,5300.25,46.27,TRADE
QLD1,2024/04/08 12:25:00,5367.95,38.75,TRADE
QLD1,2024/04/08 12:30:00,5458.6,51.81,TRADE
QLD1,2024/04/08 12:35:00,5465.33,53.21,TRADE
QLD1,2024/04/08 12:40:00,5511.47,-10.80,TRADE
QLD1,2024/04/08 12:45:00,5557.19,52.93,TRADE
QLD1,2024/04/08 12:50:00,5604.24,52.02,TRADE
QLD1,2024/04/08 12:55:00,5578.11,48.47,TRADE
QLD1,2024/04/08 13:00:00,5619.42,48.38,TRADE
QLD1,2024/04/08 13:05:00,5638.94,51.84,TRADE
QLD1,2024/04/08 13:10:00,5677.52,59.55,TRADE
QLD1,2024/04/08 13:15:00,5694.55,54.10,TRADE
QLD1,2024/04/08 13:20:00,5704.24,51.32,TRADE
QLD1,2024/04/08 13:25:00,5786.02,52.75,TRADE
QLD1,2024/04/08 13:30:00,5765.91,73.56,TRADE
QLD1,2024/04/08 13:35:00,5934.41,86,TRADE
QLD1,2024/04/08 13:40:00,5953.02,74.06,TRADE
QLD1,2024/04/08 13:45:00,6037.93,74.86,TRADE
QLD1,2024/04/08 13:50:00,6100.56,76.04,TRADE
QLD1,2024/04/08 13:55:00,6143.44,74.50,TRADE
QLD1,2024/04/08 14:00:00,6212.66,82.68,TRADE
QLD1,2024/04/08 14:05:00,6326.25,76.27,TRADE
QLD1,2024/04/08 14:10:00,6351.9,75.73,TRADE
QLD1,2024/04/08 14:15:00,6411.75,85.75,TRADE
QLD1,2024/04/08 14:20:00,6451.43,76.11,TRADE
QLD1,2024/04/08 14:25:00,6506.53,66.41,TRADE
QLD1,2024/04/08 14:30:00,6588.69,82.86,TRADE
QLD1,2024/04/08 14:35:00,6621.79,85.75,TRADE
QLD1,2024/04/08 14:40:00,6704.12,85.55,TRADE
QLD1,2024/04/08 14:45:00,6767.07,127.71,TRADE
QLD1,2024/04/08 14:50:00,6858.96,111.47,TRADE
QLD1,2024/04/08 14:55:00,6920.35,144.62,TRADE
QLD1,2024/04/08 15:00:00,6968.18,146.55,TRADE
QLD1,2024/04/08 15:05:00,6993.73,95.38,TRADE
QLD1,2024/04/08 15:10:00,7054.78,81.33,TRADE
QLD1,2024/04/08 15:15:00,7143.66,91.31,TRADE
QLD1,2024/04/08 15:20:00,7118.71,85.75,TRADE
QLD1,2024/04/08 15:25:00,7164.51,62.73,TRADE
QLD1,2024/04/08 15:30:00,7235.62,67.92,TRADE
QLD1,2024/04/08 15:35:00,7312.17,59.55,TRADE
QLD1,2024/04/08 15:40:00,7301.39,68.32,TRADE
QLD1,2024/04/08 15:45:00,7354.02,48.75,TRADE
QLD1,2024/04/08 15:50:00,7360.48,59.55,TRADE
QLD1,2024/04/08 15:55:00,7417.69,67.15,TRADE
QLD1,2024/04/08 16:00:00,7472.2,74.57,TRADE
QLD1,2024/04/08 16:05:00,7633.03,85.55,TRADE
QLD1,2024/04/08 16:10:00,7612.28,93.37,TRADE
QLD1,2024/04/08 16:15:00,7675.16,98.94,TRADE
QLD1,2024/04/08 16:20:00,7737.65,116.99,TRADE
QLD1,2024/04/08 16:25:00,7783.51,153.59,TRADE
QLD1,2024/04/08 16:30:00,7799.81,223.98,TRADE
QLD1,2024/04/08 16:35:00,7842.77,99.06,TRADE
QLD1,2024/04/08 16:40:00,7969.57,85.55,TRADE
QLD1,2024/04/08 16:45:00,8005.95,125.23,TRADE
QLD1,2024/04/08 16:50:00,8062.87,238.76,TRADE
QLD1,2024/04/08 16:55:00,8121.62,261.55,TRADE
QLD1,2024/04/08 17:00:00,8134.97,261.01,TRADE
QLD1,2024/04/08 17:05:00,8084.81,138.97,TRADE
QLD1,2024/04/08 17:10:00,8104.23,138.97,TRADE
QLD1,2024/04/08 17:15:00,8169.74,145.31,TRADE
QLD1,2024/04/08 17:20:00,8156.92,154.10,TRADE
QLD1,2024/04/08 17:25:00,8316.19,261.01,TRADE
QLD1,2024/04/08 17:30:00,8297.53,332.72,TRADE
QLD1,2024/04/08 17:35:00,8235.91,154.50,TRADE
QLD1,2024/04/08 17:40:00,8303.15,194.01,TRADE
QLD1,2024/04/08 17:45:00,8250.79,261.01,TRADE
QLD1,2024/04/08 17:50:00,8242.02,255.97,TRADE
QLD1,2024/04/08 17:55:00,8296.14,194.01,TRADE
QLD1,2024/04/08 18:00:00,8297.19,190.74,TRADE
QLD1,2024/04/08 18:05:00,8351.5,285.75,TRADE
QLD1,2024/04/08 18:10:00,8308.12,172.84,TRADE
QLD1,2024/04/08 18:15:00,8277.17,151.95,TRADE
QLD1,2024/04/08 18:20:00,8338.77,155.18,TRADE
QLD1,2024/04/08 18:25:00,8341.12,153.06,TRADE
QLD1,2024/04/08 18:30:00,8343.24,138.99,TRADE
QLD1,2024/04/08 18:35:00,8326.4,141.57,TRADE
QLD1,2024/04/08 18:40:00,8334.53,153.05,TRADE
QLD1,2024/04/08 18:45:00,8324.95,133.97,TRADE
QLD1,2024/04/08 18:50:00,8255.67,136.76,TRADE
QLD1,2024/04/08 18:55:00,8240.11,133.81,TRADE
QLD1,2024/04/08 19:00:00,8200.09,124.16,TRADE
QLD1,2024/04/08 19:05:00,8174.19,135.16,TRADE
QLD1,2024/04/08 19:10:00,8100.9,115.35,TRADE
QLD1,2024/04/08 19:15:00,7949.57,99.32,TRADE
QLD1,2024/04/08 19:20:00,8011.41,102.41,TRADE
QLD1,2024/04/08 19:25:00,7953.95,99.32,TRADE
QLD1,2024/04/08 19:30:00,7871.99,89,TRADE
QLD1,2024/04/08 19:35:00,7841.49,99.46,TRADE
QLD1,2024/04/08 19:40:00,7883.67,99.48,TRADE
QLD1,2024/04/08 19:45:00,7857.23,99.32,TRADE
QLD1,2024/04/08 19:50:00,7809.96,76.87,TRADE
QLD1,2024/04/08 19:55:00,7779.95,74.01,TRADE
QLD1,2024/04/08 20:00:00,7808.01,73.83,TRADE
QLD1,2024/04/08 20:05:00,7738.64,100.98,TRADE
QLD1,2024/04/08 20:10:00,7693.59,101.49,TRADE
QLD1,2024/04/08 20:15:00,7618.9,96.01,TRADE
QLD1,2024/04/08 20:20:00,7513.55,87.20,TRADE
QLD1,2024/04/08 20:25:00,7441.64,85.55,TRADE
QLD1,2024/04/08 20:30:00,7559.96,98.69,TRADE
QLD1,2024/04/08 20:35:00,7418.41,99.32,TRADE
QLD1,2024/04/08 20:40:00,7402.36,96.02,TRADE
QLD1,2024/04/08 20:45:00,7381.63,99.32,TRADE
QLD1,2024/04/08 20:50:00,7356.71,96.01,TRADE
QLD1,2024/04/08 20:55:00,7377.32,99.32,TRADE
QLD1,2024/04/08 21:00:00,7391.28,94.75,TRADE
QLD1,2024/04/08 21:05:00,7406.06,107.09,TRADE
QLD1,2024/04/08 21:10:00,7320.25,106.92,TRADE
QLD1,2024/04/08 21:15:00,7285.53,107.53,TRADE
QLD1,2024/04/08 21:20:00,7161.13,105.96,TRADE
QLD1,2024/04/08 21:25:00,7100.27,101.95,TRADE
QLD1,2024/04/08 21:30:00,7152.6,99.60,TRADE
QLD1,2024/04/08 21:35:00,7087.85,106.40,TRADE
QLD1,2024/04/08 21:40:00,7042.08,106.95,TRADE
QLD1,2024/04/08 21:45:00,6945.16,99.69,TRADE
QLD1,2024/04/08 21:50:00,6875.39,92.81,TRADE
QLD1,2024/04/08 21:55:00,6858.77,106.68,TRADE
QLD1,2024/04/08 22:00:00,6846.46,99.32,TRADE
QLD1,2024/04/08 22:05:00,6769.61,84.13,TRADE
QLD1,2024/04/08 22:10:00,6761.37,108.02,TRADE
QLD1,2024/04/08 22:15:00,6753.56,107.89,TRADE
QLD1,2024/04/08 22:20:00,6706.92,107.06,TRADE
QLD1,2024/04/08 22:25:00,6694.99,103.92,TRADE
QLD1,2024/04/08 22:30:00,6696.16,100.55,TRADE
QLD1,2024/04/08 22:35:00,6631.67,172.70,TRADE
QLD1,2024/04/08 22:40:00,6597.97,108.67,TRADE
QLD1,2024/04/08 22:45:00,6609.14,108.85,TRADE
QLD1,2024/04/08 22:50:00,6681.01,194.01,TRADE
QLD1,2024/04/08 22:55:00,6544.27,100.55,TRADE
QLD1,2024/04/08 23:00:00,6476.66,105.80,TRADE
QLD1,2024/04/08 23:05:00,6405.32,99.32,TRADE
QLD1,2024/04/08 23:10:00,6391.01,105.13,TRADE
QLD1,2024/04/08 23:15:00,6461.3,106.44,TRADE
QLD1,2024/04/08 23:20:00,6314.74,91.52,TRADE
QLD1,2024/04/08 23:25:00,6293.93,99.32,TRADE
QLD1,2024/04/08 23:30:00,6220.12,91.54,TRADE
QLD1,2024/04/08 23:35:00,6229.68,100.55,TRADE
QLD1,2024/04/08 23:40:00,6245.59,100.56,TRADE
QLD1,2024/04/08 23:45:00,6176.11,79.71,TRADE
QLD1,2024/04/08 23:50:00,6172.94,80.82,TRADE
QLD1,2024/04/08 23:55:00,6091.69,77.54,TRADE
QLD1,2024/04/09 00:00:00,6053.77,78.24,TRADE
QLD1,2024/04/09 00:05:00,6042.08,65.16,TRADE
QLD1,2024/04/09 00:10:00,5978.83,67.26,TRADE
QLD1,2024/04/09 00:15:00,6010.06,67.27,TRADE
QLD1,2024/04/09 00:20:00,6008.44,67.16,TRADE
QLD1,2024/04/09 00:25:00,5940.39,65.70,TRADE
QLD1,2024/04/09 00:30:00,5910.33,64,TRADE
QLD1,2024/04/09 00:35:00,5940.81,79.78,TRADE
QLD1,2024/04/09 00:40:00,5883.36,66.98,TRADE
QLD1,2024/04/09 00:45:00,5919.85,81.06,TRADE
QLD1,2024/04/09 00:50:00,5868.04,80.50,TRADE
QLD1,2024/04/09 00:55:00,5887.4,68.58,TRADE
QLD1,2024/04/09 01:00:00,5813.13,66.24,TRADE
QLD1,2024/04/09 01:05:00,5859.69,77.35,TRADE
QLD1,2024/04/09 01:10:00,5739.34,79.27,TRADE
QLD1,2024/04/09 01:15:00,5754.52,79.27,TRADE
QLD1,2024/04/09 01:20:00,5778.79,80.28,TRADE
QLD1,2024/04/09 01:25:00,5749.33,68.38,TRADE
QLD1,2024/04/09 01:30:00,5814.24,69.87,TRADE
QLD1,2024/04/09 01:35:00,5769.51,69.05,TRADE
QLD1,2024/04/09 01:40:00,5779.81,85.75,TRADE
QLD1,2024/04/09 01:45:00,5790.69,81.12,TRADE
QLD1,2024/04/09 01:50:00,5749.4,80,TRADE
QLD1,2024/04/09 01:55:00,5720.34,85.55,TRADE
QLD1,2024/04/09 02:00:00,5710.88,68.24,TRADE
QLD1,2024/04/09 02:05:00,5749.94,85.75,TRADE
QLD1,2024/04/09 02:10:00,5743.38,85.55,TRADE
QLD1,2024/04/09 02:15:00,5769.72,85.55,TRADE
QLD1,2024/04/09 02:20:00,5755.76,62.73,TRADE
QLD1,2024/04/09 02:25:00,5747.83,80.43,TRADE
QLD1,2024/04/09 02:30:00,5736.94,62.73,TRADE
QLD1,2024/04/09 02:35:00,5638.64,62.73,TRADE
QLD1,2024/04/09 02:40:00,5634.7,78.70,TRADE
QLD1,2024/04/09 02:45:00,5634.17,62.73,TRADE
QLD1,2024/04/09 02:50:00,5649.81,62.73,TRADE
QLD1,2024/04/09 02:55:00,5648.52,62.73,TRADE
QLD1,2024/04/09 03:00:00,5648.31,62.73,TRADE
QLD1,2024/04/09 03:05:00,5633.55,62.73,TRADE
QLD1,2024/04/09 03:10:00,5609.08,78.12,TRADE
QLD1,2024/04/09 03:15:00,5686.88,85.55,TRADE
QLD1,2024/04/09 03:20:00,5669.28,62.73,TRADE
QLD1,2024/04/09 03:25:00,5641.16,62.73,TRADE
QLD1,2024/04/09 03:30:00,5678.41,85.55,TRADE
QLD1,2024/04/09 03:35:00,5674.71,85.55,TRADE
QLD1,2024/04/09 03:40:00,5663.69,62.73,TRADE
QLD1,2024/04/09 03:45:00,5634.93,59.75,TRADE
QLD1,2024/04/09 03:50:00,5635.55,62.73,TRADE
QLD1,2024/04/09 03:55:00,5686.07,62.73,TRADE
QLD1,2024/04/09 04:00:00,5668.21,62.73,TRADE
QLD1,2024/04/09 04:05:00,5717.95,62.73,TRADE
QLD1,2024/04/09 04:10:00,5710.75,66.59,TRADE
QLD1,2024/04/09 04:15:00,5714.9,62.73,TRADE
QLD1,2024/04/09 04:20:00,5776.12,65.47,TRADE
QLD1,2024/04/09 04:25:00,5808.51,85.55,TRADE
QLD1,2024/04/09 04:30:00,5787.08,62.73,TRADE
QLD1,2024/04/09 04:35:00,5714.66,62.73,TRADE
QLD1,2024/04/09 04:40:00,5749.61,62.73,TRADE
QLD1,2024/04/09 04:45:00,5730.22,59.80,TRADE
QLD1,2024/04/09 04:50:00,5761.74,62.73,TRADE
QLD1,2024/04/09 04:55:00,5804.62,62.73,TRADE
QLD1,2024/04/09 05:00:00,5894.27,65.59,TRADE
QLD1,2024/04/09 05:05:00,5866.02,61.24,TRADE
QLD1,2024/04/09 05:10:00,5930.14,63.59,TRADE
QLD1,2024/04/09 05:15:00,5942.18,67.48,TRADE
QLD1,2024/04/09 05:20:00,6012.79,69.63,TRADE
QLD1,2024/04/09 05:25:00,6069.52,85.55,TRADE
QLD1,2024/04/09 05:30:00,6016.75,83.66,TRADE
QLD1,2024/04/09 05:35:00,6078.03,63.03,TRADE
QLD1,2024/04/09 05:40:00,6028.04,62.64,TRADE
QLD1,2024/04/09 05:45:00,6132.49,68.83,TRADE
QLD1,2024/04/09 05:50:00,6179.59,69.24,TRADE
QLD1,2024/04/09 05:55:00,6140.83,68.37,TRADE
QLD1,2024/04/09 06:00:00,6153.79,85.75,TRADE
QLD1,2024/04/09 06:05:00,6201.32,69.45,TRADE
QLD1,2024/04/09 06:10:00,6290.83,98.01,TRADE
QLD1,2024/04/09 06:15:00,6415.94,100.55,TRADE
QLD1,2024/04/09 06:20:00,6429.8,99.32,TRADE
QLD1,2024/04/09 06:25:00,6397.9,100.55,TRADE
QLD1,2024/04/09 06:30:00,6415.76,105.85,TRADE
QLD1,2024/04/09 06:35:00,6407.95,100.55,TRADE
QLD1,2024/04/09 06:40:00,6407.72,99.32,TRADE
QLD1,2024/04/09 06:45:00,6451.29,105.20,TRADE
QLD1,2024/04/09 06:50:00,6437.83,100.55,TRADE
QLD1,2024/04/09 06:55:00,6490.36,111.69,TRADE
QLD1,2024/04/09 07:00:00,6530.58,99.32,TRADE
QLD1,2024/04/09 07:05:00,6524.75,100.55,TRADE
QLD1,2024/04/09 07:10:00,6507.83,85.55,TRADE
QLD1,2024/04/09 07:15:00,6502.34,79.76,TRADE
QLD1,2024/04/09 07:20:00,6505.67,59.81,TRADE
QLD1,2024/04/09 07:25:00,6539.74,59.55,TRADE
QLD1,2024/04/09 07:30:00,6543.14,65.97,TRADE
QLD1,2024/04/09 07:35:00,6455.36,48.75,TRADE
QLD1,2024/04/09 07:40:00,6486.42,50.61,TRADE
QLD1,2024/04/09 07:45:00,6535.97,52.75,TRADE
QLD1,2024/04/09 07:50:00,6525.41,48.75,TRADE
QLD1,2024/04/09 07:55:00,6462.25,48.75,TRADE
QLD1,2024/04/09 08:00:00,6429.57,27.10,TRADE
QLD1,2024/04/09 08:05:00,6345.2,48.75,TRADE
QLD1,2024/04/09 08:10:00,6373.24,65.22,TRADE
QLD1,2024/04/09 08:15:00,6312.71,53.80,TRADE
QLD1,2024/04/09 08:20:00,6329.05,56.32,TRADE
QLD1,2024/04/09 08:25:00,6272.39,57.52,TRADE
QLD1,2024/04/09 08:30:00,6198.56,57.84,TRADE
QLD1,2024/04/09 08:35:00,6120.64,48.55,TRADE
QLD1,2024/04/09 08:40:00,6088.9,46.88,TRADE
QLD1,2024/04/09 08:45:00,6119.94,55.57,TRADE
QLD1,2024/04/09 08:50:00,6041.52,56.22,TRADE
QLD1,2024/04/09 08:55:00,6039.21,59.75,TRADE
QLD1,2024/04/09 09:00:00,6087.27,76.08,TRADE
QLD1,2024/04/09 09:05:00,5972.43,9.22,TRADE
QLD1,2024/04/09 09:10:00,5954.89,22.13,TRADE
QLD1,2024/04/09 09:15:00,5918.68,38.75,TRADE
QLD1,2024/04/09 09:20:00,5880.63,48.55,TRADE
QLD1,2024/04/09 09:25:00,5827,38.75,TRADE
QLD1,2024/04/09 09:30:00,5841.36,38.55,TRADE
QLD1,2024/04/09 09:35:00,5750.71,0,TRADE
QLD1,2024/04/09 09:40:00,5799.06,9.81,TRADE
QLD1,2024/04/09 09:45:00,5741.56,-10.50,TRADE
QLD1,2024/04/09 09:50:00,5678.04,-10.80,TRADE
QLD1,2024/04/09 09:55:00,5615.85,-10.80,TRADE
QLD1,2024/04/09 10:00:00,5570.8,-20.50,TRADE
QLD1,2024/04/09 10:05:00,5561.82,-10,TRADE
QLD1,2024/04/09 10:10:00,5565.01,9.24,TRADE
QLD1,2024/04/09 10:15:00,5498.01,-10.50,TRADE
QLD1,2024/04/09 10:20:00,5441.57,-20.50,TRADE
QLD1,2024/04/09 10:25:00,5447.69,-11.18,TRADE
QLD1,2024/04/09 10:30:00,5473.47,-10.80,TRADE
QLD1,2024/04/09 10:35:00,5437.39,-15.70,TRADE
QLD1,2024/04/09 10:40:00,5577.92,-20.50,TRADE
QLD1,2024/04/09 10:45:00,5506.1,-35,TRADE
QLD1,2024/04/09 10:50:00,5501.59,-10.80,TRADE
QLD1,2024/04/09 10:55:00,5521.95,-33.74,TRADE
QLD1,2024/04/09 11:00:00,5448.09,-35.99,TRADE
QLD1,2024/04/09 11:05:00,5399.03,-36.57,TRADE
QLD1,2024/04/09 11:10:00,5418.84,-25.40,TRADE
QLD1,2024/04/09 11:15:00,5379.21,-31.65,TRADE
QLD1,2024/04/09 11:20:00,5296.33,-41.60,TRADE
QLD1,2024/04/09 11:25:00,5318.09,-40.20,TRADE
QLD1,2024/04/09 11:30:00,5327.9,-31.75,TRADE
QLD1,2024/04/09 11:35:00,5339.49,-20.50,TRADE
QLD1,2024/04/09 11:40:00,5496.64,-20.50,TRADE
QLD1,2024/04/09 11:45:00,5549.38,-20.50,TRADE
QLD1,2024/04/09 11:50:00,5429.11,-20.50,TRADE
QLD1,2024/04/09 11:55:00,5516.54,-14.80,TRADE
QLD1,2024/04/09 12:00:00,5553.58,-5,TRADE
QLD1,2024/04/09 12:05:00,5399.91,-10.40,TRADE
QLD1,2024/04/09 12:10:00,5526.09,0.02,TRADE
QLD1,2024/04/09 12:15:00,5537.39,21.57,TRADE
QLD1,2024/04/09 12:20:00,5446.81,15.38,TRADE
QLD1,2024/04/09 12:25:00,5534.2,-20.50,TRADE
QLD1,2024/04/09 12:30:00,5599.52,-20.50,TRADE
QLD1,2024/04/09 12:35:00,5617.26,-20.50,TRADE
QLD1,2024/04/09 12:40:00,5752.79,20.80,TRADE
QLD1,2024/04/09 12:45:00,5780.24,24.42,TRADE
QLD1,2024/04/09 12:50:00,5847.03,49.17,TRADE
QLD1,2024/04/09 12:55:00,5918.65,134.76,TRADE
QLD1,2024/04/09 13:00:00,5960.29,124.67,TRADE
QLD1,2024/04/09 13:05:00,6017.81,61.73,TRADE
QLD1,2024/04/09 13:10:00,6060.06,97.35,TRADE
QLD1,2024/04/09 13:15:00,6134.25,1,TRADE
QLD1,2024/04/09 13:20:00,6073.23,-20.50,TRADE
QLD1,2024/04/09 13:25:00,5985.48,-20.50,TRADE
QLD1,2024/04/09 13:30:00,6061.03,29.61,TRADE
QLD1,2024/04/09 13:35:00,6004.17,34.75,TRADE
QLD1,2024/04/09 13:40:00,6020.19,29.61,TRADE
QLD1,2024/04/09 13:45:00,6053.27,0.98,TRADE
QLD1,2024/04/09 13:50:00,6006.54,60.33,TRADE
QLD1,2024/04/09 13:55:00,6059.02,54.72,TRADE
QLD1,2024/04/09 14:00:00,6083.33,54.41,TRADE
QLD1,2024/04/09 14:05:00,6055.7,20.98,TRADE
QLD1,2024/04/09 14:10:00,6044.97,5.10,TRADE
QLD1,2024/04/09 14:15:00,6200.49,32.57,TRADE
QLD1,2024/04/09 14:20:00,6234.98,10.64,TRADE
QLD1,2024/04/09 14:25:00,6216.66,14.82,TRADE
QLD1,2024/04/09 14:30:00,6187.5,29.61,TRADE
QLD1,2024/04/09 14:35:00,6283.31,38.55,TRADE
QLD1,2024/04/09 14:40:00,6341.72,34.75,TRADE
QLD1,2024/04/09 14:45:00,6408.6,26.70,TRADE
QLD1,2024/04/09 14:50:00,6419.96,39.02,TRADE
QLD1,2024/04/09 14:55:00,6492.22,61.86,TRADE
QLD1,2024/04/09 15:00:00,6598.14,70.50,TRADE
QLD1,2024/04/09 15:05:00,6583.78,48.55,TRADE
QLD1,2024/04/09 15:10:00,6622.27,38.75,TRADE
QLD1,2024/04/09 15:15:00,6643.18,48.55,TRADE
QLD1,2024/04/09 15:20:00,6661.32,137.48,TRADE
QLD1,2024/04/09 15:25:00,6698.54,64.33,TRADE
QLD1,2024/04/09 15:30:00,6773.04,76.69,TRADE
QLD1,2024/04/09 15:35:00,6762.02,38.75,TRADE
QLD1,2024/04/09 15:40:00,6865.62,55.56,TRADE
QLD1,2024/04/09 15:45:00,6942.99,59.55,TRADE
QLD1,2024/04/09 15:50:00,6996.38,120.83,TRADE
QLD1,2024/04/09 15:55:00,7054.84,60.62,TRADE
QLD1,2024/04/09 16:00:00,7103.03,133.06,TRADE
QLD1,2024/04/09 16:05:00,7155.82,62.73,TRADE
QLD1,2024/04/09 16:10:00,7178.29,59.55,TRADE
QLD1,2024/04/09 16:15:00,7222.99,61.21,TRADE
QLD1,2024/04/09 16:20:00,7314.34,76.02,TRADE
QLD1,2024/04/09 16:25:00,7322.12,103.36,TRADE
QLD1,2024/04/09 16:30:00,7475.35,195.52,TRADE
QLD1,2024/04/09 16:35:00,7617.99,168.70,TRADE
QLD1,2024/04/09 16:40:00,7619.86,85.55,TRADE
QLD1,2024/04/09 16:45:00,7678.42,75.01,TRADE
QLD1,2024/04/09 16:50:00,7791.7,133.37,TRADE
QLD1,2024/04/09 16:55:00,7858.12,140.30,TRADE
QLD1,2024/04/09 17:00:00,7938.3,140.54,TRADE
QLD1,2024/04/09 17:05:00,7941.26,91.55,TRADE
QLD1,2024/04/09 17:10:00,7948.63,104.06,TRADE
QLD1,2024/04/09 17:15:00,8010.68,112.84,TRADE
QLD1,2024/04/09 17:20:00,8012.92,200.56,TRADE
QLD1,2024/04/09 17:25:00,8097.36,315.35,TRADE
QLD1,2024/04/09 17:30:00,8055.68,263.01,TRADE
QLD1,2024/04/09 17:35:00,8050.14,149.48,TRADE
QLD1,2024/04/09 17:40:00,8020.19,149.18,TRADE
QLD1,2024/04/09 17:45:00,8141.77,152.76,TRADE
QLD1,2024/04/09 17:50:00,8115.74,151.85,TRADE
QLD1,2024/04/09 17:55:00,8131.43,151.89,TRADE
QLD1,2024/04/09 18:00:00,8178.4,261.55,TRADE
QLD1,2024/04/09 18:05:00,8090.74,138.99,TRADE
QLD1,2024/04/09 18:10:00,8097.06,138.99,TRADE
QLD1,2024/04/09 18:15:00,8107.56,149.99,TRADE
QLD1,2024/04/09 18:20:00,8081,173.47,TRADE
QLD1,2024/04/09 18:25:00,8116.04,150.99,TRADE
QLD1,2024/04/09 18:30:00,8092.71,194.01,TRADE
QLD1,2024/04/09 18:35:00,8021.92,148.86,TRADE
QLD1,2024/04/09 18:40:00,8052.37,149.75,TRADE
QLD1,2024/04/09 18:45:00,8078.04,149.74,TRADE
QLD1,2024/04/09 18:50:00,8021.46,147.76,TRADE
QLD1,2024/04/09 18:55:00,7944.68,144.78,TRADE
QLD1,2024/04/09 19:00:00,8003.79,146.70,TRADE
QLD1,2024/04/09 19:05:00,8014.8,146.69,TRADE
QLD1,2024/04/09 19:10:00,7904.79,138.98,TRADE
QLD1,2024/04/09 19:15:00,7875.14,138.98,TRADE
QLD1,2024/04/09 19:20:00,7859.47,138.99,TRADE
QLD1,2024/04/09 19:25:00,7763.97,112.61,TRADE
QLD1,2024/04/09 19:30:00,7707.26,108.49,TRADE
QLD1,2024/04/09 19:35:00,7769.21,112.39,TRADE
QLD1,2024/04/09 19:40:00,7758.5,107.13,TRADE
QLD1,2024/04/09 19:45:00,7640.87,104.26,TRADE
QLD1,2024/04/09 19:50:00,7648.55,104.74,TRADE
QLD1,2024/04/09 19:55:00,7612.88,135.38,TRADE
QLD1,2024/04/09 20:00:00,7619.63,104.68,TRADE
QLD1,2024/04/09 20:05:00,7626.36,115.75,TRADE
QLD1,2024/04/09 20:10:00,7415.58,101.90,TRADE
QLD1,2024/04/09 20:15:00,7533.3,104.09,TRADE
QLD1,2024/04/09 20:20:00,7395.87,91.22,TRADE
QLD1,2024/04/09 20:25:00,7322.9,101.57,TRADE
QLD1,2024/04/09 20:30:00,7330.26,83.44,TRADE
QLD1,2024/04/09 20:35:00,7262.54,81.77,TRADE
QLD1,2024/04/09 20:40:00,7245.14,79.08,TRADE
QLD1,2024/04/09 20:45:00,7276.94,62.23,TRADE
QLD1,2024/04/09 20:50:00,7291.37,63.25,TRADE
QLD1,2024/04/09 20:55:00,7279.94,79.11,TRADE
QLD1,2024/04/09 21:00:00,7226.84,61.54,TRADE
QLD1,2024/04/09 21:05:00,7216.45,88.17,TRADE
QLD1,2024/04/09 21:10:00,7156.24,122.03,TRADE
QLD1,2024/04/09 21:15:00,7117.65,96.01,TRADE
QLD1,2024/04/09 21:20:00,7170.42,115.10,TRADE
QLD1,2024/04/09 21:25:00,7073.61,86.66,TRADE
QLD1,2024/04/09 21:30:00,7065.21,62.73,TRADE
QLD1,2024/04/09 21:35:00,6991.75,96.01,TRADE
QLD1,2024/04/09 21:40:00,6905.91,88.33,TRADE
QLD1,2024/04/09 21:45:00,6890.02,86.65,TRADE
QLD1,2024/04/09 21:50:00,6830.23,87.70,TRADE
QLD1,2024/04/09 21:55:00,6791.66,87.28,TRADE
QLD1,2024/04/09 22:00:00,6695.34,86.04,TRADE
QLD1,2024/04/09 22:05:00,6604.49,86.43,TRADE
QLD1,2024/04/09 22:10:00,6628.1,135.92,TRADE
QLD1,2024/04/09 22:15:00,6671.06,100.55,TRADE
QLD1,2024/04/09 22:20:00,6702.48,100.55,TRADE
QLD1,2024/04/09 22:25:00,6619.42,85.75,TRADE
QLD1,2024/04/09 22:30:00,6581.87,88.71,TRADE
QLD1,2024/04/09 22:35:00,6577.85,108.90,TRADE
QLD1,2024/04/09 22:40:00,6546.79,100.55,TRADE
QLD1,2024/04/09 22:45:00,6515.58,89.02,TRADE
QLD1,2024/04/09 22:50:00,6485.87,85.75,TRADE
QLD1,2024/04/09 22:55:00,6477.17,88.37,TRADE
QLD1,2024/04/09 23:00:00,6414.35,87.69,TRADE
QLD1,2024/04/09 23:05:00,6358.33,86.53,TRADE
QLD1,2024/04/09 23:10:00,6369.47,85.75,TRADE
QLD1,2024/04/09 23:15:00,6351.54,85.55,TRADE
QLD1,2024/04/09 23:20:00,6305.02,61.54,TRADE
QLD1,2024/04/09 23:25:00,6232.22,63.66,TRADE
QLD1,2024/04/09 23:30:00,6221.65,85.55,TRADE
QLD1,2024/04/09 23:35:00,6149.35,85.55,TRADE
QLD1,2024/04/09 23:40:00,6131.87,85.55,TRADE
QLD1,2024/04/09 23:45:00,6067.33,62,TRADE
QLD1,2024/04/09 23:50:00,6139.86,85.75,TRADE
QLD1,2024/04/09 23:55:00,6039.17,85.55,TRADE
QLD1,2024/04/10 00:00:00,5975,63.81,TRADE
QLD1,2024/04/10 00:05:00,5969.45,85.55,TRADE
QLD1,2024/04/10 00:10:00,6027.39,89.24,TRADE
QLD1,2024/04/10 00:15:00,5930.25,85.55,TRADE
QLD1,2024/04/10 00:20:00,5836.82,62.73,TRADE
QLD1,2024/04/10 00:25:00,5922.59,78.69,TRADE
QLD1,2024/04/10 00:30:00,5837.02,59.75,TRADE
QLD1,2024/04/10 00:35:00,5814.64,62.73,TRADE
QLD1,2024/04/10 00:40:00,5852.28,85.75,TRADE
QLD1,2024/04/10 00:45:00,5870.5,85.75,TRADE
QLD1,2024/04/10 00:50:00,5813.17,85.75,TRADE
QLD1,2024/04/10 00:55:00,5794.96,85.55,TRADE
QLD1,2024/04/10 01:00:00,5766.66,81.47,TRADE
QLD1,2024/04/10 01:05:00,5762.83,82.13,TRADE
QLD1,2024/04/10 01:10:00,5735.99,83.09,TRADE
QLD1,2024/04/10 01:15:00,5744.81,81.40,TRADE
QLD1,2024/04/10 01:20:00,5755.67,79.76,TRADE
QLD1,2024/04/10 01:25:00,5752.08,75.33,TRADE
QLD1,2024/04/10 01:30:00,5690.17,62.73,TRADE
QLD1,2024/04/10 01:35:00,5655.28,65.57,TRADE
QLD1,2024/04/10 01:40:00,5702.95,64.62,TRADE
QLD1,2024/04/10 01:45:00,5623.1,62.73,TRADE
QLD1,2024/04/10 01:50:00,5625.35,62.73,TRADE
QLD1,2024/04/10 01:55:00,5641.91,62.73,TRADE
QLD1,2024/04/10 02:00:00,5627.99,62.73,TRADE
QLD1,2024/04/10 02:05:00,5596.78,62.73,TRADE
QLD1,2024/04/10 02:10:00,5597.3,62.73,TRADE
QLD1,2024/04/10 02:15:00,5643.71,63.05,TRADE
QLD1,2024/04/10 02:20:00,5576.48,62.73,TRADE
QLD1,2024/04/10 02:25:00,5613.31,62.73,TRADE
QLD1,2024/04/10 02:30:00,5611.46,62.73,TRADE
QLD1,2024/04/10 02:35:00,5606.73,63.22,TRADE
QLD1,2024/04/10 02:40:00,5654.59,62.73,TRADE
QLD1,2024/04/10 02:45:00,5561,62.73,TRADE
QLD1,2024/04/10 02:50:00,5599.89,62.73,TRADE
QLD1,2024/04/10 02:55:00,5538.61,61.06,TRADE
QLD1,2024/04/10 03:00:00,5540.69,59.75,TRADE
QLD1,2024/04/10 03:05:00,5544.18,62.73,TRADE
QLD1,2024/04/10 03:10:00,5546.13,59.75,TRADE
QLD1,2024/04/10 03:15:00,5481.54,59.75,TRADE
QLD1,2024/04/10 03:20:00,5588.39,62.73,TRADE
QLD1,2024/04/10 03:25:00,5532.78,59.55,TRADE
QLD1,2024/04/10 03:30:00,5579.87,59.55,TRADE
QLD1,2024/04/10 03:35:00,5597.89,59.55,TRADE
QLD1,2024/04/10 03:40:00,5563.48,62.35,TRADE
QLD1,2024/04/10 03:45:00,5587.73,62.73,TRADE
QLD1,2024/04/10 03:50:00,5571.28,59.55,TRADE
QLD1,2024/04/10 03:55:00,5607.74,57.81,TRADE
QLD1,2024/04/10 04:00:00,5578.78,59.55,TRADE
QLD1,2024/04/10 04:05:00,5576.47,56.92,TRADE
QLD1,2024/04/10 04:10:00,5653.33,62.73,TRADE
QLD1,2024/04/10 04:15:00,5708.79,62.73,TRADE
QLD1,2024/04/10 04:20:00,5723.9,62.73,TRADE
QLD1,2024/04/10 04:25:00,5738.17,62.73,TRADE
QLD1,2024/04/10 04:30:00,5641.38,59.75,TRADE
QLD1,2024/04/10 04:35:00,5714.16,61.99,TRADE
QLD1,2024/04/10 04:40:00,5671.5,64.61,TRADE
QLD1,2024/04/10 04:45:00,5678.89,62.73,TRADE
QLD1,2024/04/10 04:50:00,5717.6,62.73,TRADE
QLD1,2024/04/10 04:55:00,5740.31,62.73,TRADE
QLD1,2024/04/10 05:00:00,5830.83,79.40,TRADE
QLD1,2024/04/10 05:05:00,5848.26,61.62,TRADE
QLD1,2024/04/10 05:10:00,5867.66,65.60,TRADE
QLD1,2024/04/10 05:15:00,5929.76,74.25,TRADE
QLD1,2024/04/10 05:20:00,5877.51,73.28,TRADE
QLD1,2024/04/10 05:25:00,5906.38,84.65,TRADE
QLD1,2024/04/10 05:30:00,5970.24,85.55,TRADE
QLD1,2024/04/10 05:35:00,5954.21,75.37,TRADE
QLD1,2024/04/10 05:40:00,6006.93,85.55,TRADE
QLD1,2024/04/10 05:45:00,6061.7,85.55,TRADE
QLD1,2024/04/10 05:50:00,6036.54,85.75,TRADE
QLD1,2024/04/10 05:55:00,6029.95,85.75,TRADE
QLD1,2024/04/10 06:00:00,6053.24,97.01,TRADE
QLD1,2024/04/10 06:05:00,6156.79,69.47,TRADE
QLD1,2024/04/10 06:10:00,6206.68,97.84,TRADE
QLD1,2024/04/10 06:15:00,6296.23,103.45,TRADE
QLD1,2024/04/10 06:20:00,6332.27,109.44,TRADE
QLD1,2024/04/10 06:25:00,6319.15,108.77,TRADE
QLD1,2024/04/10 06:30:00,6293.4,108.12,TRADE
QLD1,2024/04/10 06:35:00,6278.11,99.47,TRADE
QLD1,2024/04/10 06:40:00,6298.1,100.55,TRADE
QLD1,2024/04/10 06:45:00,6318.79,100.55,TRADE
QLD1,2024/04/10 06:50:00,6246.04,88.62,TRADE
QLD1,2024/04/10 06:55:00,6198,90.05,TRADE
QLD1,2024/04/10 07:00:00,6141.87,75.77,TRADE
QLD1,2024/04/10 07:05:00,6148.65,87.94,TRADE
QLD1,2024/04/10 07:10:00,6025.95,52.17,TRADE
QLD1,2024/04/10 07:15:00,6021.62,41.46,TRADE
QLD1,2024/04/10 07:20:00,5919.44,48.55,TRADE
QLD1,2024/04/10 07:25:00,5910.32,36.99,TRADE
QLD1,2024/04/10 07:30:00,5881.55,13.95,TRADE
QLD1,2024/04/10 07:35:00,5798.41,38.75,TRADE
QLD1,2024/04/10 07:40:00,5726.4,38.55,TRADE
QLD1,2024/04/10 07:45:00,5644.14,-20.50,TRADE
QLD1,2024/04/10 07:50:00,5566.99,-20.50,TRADE
QLD1,2024/04/10 07:55:00,5455.72,20.31,TRADE
QLD1,2024/04/10 08:00:00,5437.92,2.48,TRADE
QLD1,2024/04/10 08:05:00,5434.21,-10.80,TRADE
QLD1,2024/04/10 08:10:00,5393.62,-20.50,TRADE
QLD1,2024/04/10 08:15:00,5305.78,-20.50,TRADE
QLD1,2024/04/10 08:20:00,5190.64,-20.50,TRADE
QLD1,2024/04/10 08:25:00,5161.56,-20.50,TRADE
QLD1,2024/04/10 08:30:00,5008.41,-20.50,TRADE
QLD1,2024/04/10 08:35:00,5080.9,-25.40,TRADE
QLD1,2024/04/10 08:40:00,4930.01,-35.82,TRADE
QLD1,2024/04/10 08:45:00,4932.53,-25.40,TRADE
QLD1,2024/04/10 08:50:00,4771.2,-35.82,TRADE
QLD1,2024/04/10 08:55:00,4703.55,-41.60,TRADE
QLD1,2024/04/10 09:00:00,4678.89,-44.39,TRADE
QLD1,2024/04/10 09:05:00,4588.69,-45.01,TRADE
QLD1,2024/04/10 09:10:00,4603.88,-45.01,TRADE
QLD1,2024/04/10 09:15:00,4501.13,-45.06,TRADE
QLD1,2024/04/10 09:20:00,4410.62,-45.34,TRADE
QLD1,2024/04/10 09:25:00,4376.9,-45.34,TRADE
QLD1,2024/04/10 09:30:00,4323.24,-45.01,TRADE
QLD1,2024/04/10 09:35:00,4304.29,-45.91,TRADE
QLD1,2024/04/10 09:40:00,4204.62,-45.97,TRADE
QLD1,2024/04/10 09:45:00,4212.29,-45.40,TRADE
QLD1,2024/04/10 09:50:00,4174.14,-45.06,TRADE
QLD1,2024/04/10 09:55:00,4160.27,-45.06,TRADE
QLD1,2024/04/10 10:00:00,4054.98,-45.70,TRADE
QLD1,2024/04/10 10:05:00,4096.81,-45.87,TRADE
QLD1,2024/04/10 10:10:00,4126.75,-45.91,TRADE
QLD1,2024/04/10 10:15:00,3967.89,-47.10,TRADE
QLD1,2024/04/10 10:20:00,3955.73,-48,TRADE
QLD1,2024/04/10 10:25:00,3935.32,-47.10,TRADE
QLD1,2024/04/10 10:30:00,3901.12,-48.77,TRADE
QLD1,2024/04/10 10:35:00,3941.55,-48.44,TRADE
QLD1,2024/04/10 10:40:00,3940.72,-50.35,TRADE
QLD1,2024/04/10 10:45:00,3956.47,-46.09,TRADE
QLD1,2024/04/10 10:50:00,3879.56,-47.52,TRADE
QLD1,2024/04/10 10:55:00,4065.31,-47.10,TRADE
QLD1,2024/04/10 11:00:00,4049.31,-47.10,TRADE
QLD1,2024/04/10 11:05:00,4027.44,-47.52,TRADE
QLD1,2024/04/10 11:10:00,4049.47,-47.10,TRADE
QLD1,2024/04/10 11:15:00,4007.25,-47.52,TRADE
QLD1,2024/04/10 11:20:00,3920.94,-48,TRADE
QLD1,2024/04/10 11:25:00,4019.53,-47.10,TRADE
QLD1,2024/04/10 11:30:00,4018.43,-47.52,TRADE
QLD1,2024/04/10 11:35:00,3931.98,-48.60,TRADE
QLD1,2024/04/10 11:40:00,3999.67,-47.52,TRADE
QLD1,2024/04/10 11:45:00,4015.98,-47.52,TRADE
QLD1,2024/04/10 11:50:00,4057.78,-47.10,TRADE
QLD1,2024/04/10 11:55:00,4018.59,-48,TRADE
QLD1,2024/04/10 12:00:00,3973.55,-48,TRADE
QLD1,2024/04/10 12:05:00,3976.88,-47.10,TRADE
QLD1,2024/04/10 12:10:00,4009.23,-47.52,TRADE
QLD1,2024/04/10 12:15:00,4100.41,-45.61,TRADE
QLD1,2024/04/10 12:20:00,4038.05,-47.10,TRADE
QLD1,2024/04/10 12:25:00,4053.74,-47.10,TRADE
QLD1,2024/04/10 12:30:00,4091.01,-45.63,TRADE
QLD1,2024/04/10 12:35:00,4055.81,-47.10,TRADE
QLD1,2024/04/10 12:40:00,4121.19,-45.56,TRADE
QLD1,2024/04/10 12:45:00,4136.06,-45.56,TRADE
QLD1,2024/04/10 12:50:00,4162.11,-45.56,TRADE
QLD1,2024/04/10 12:55:00,4195.8,-45.06,TRADE
QLD1,2024/04/10 13:00:00,4252.76,-45.01,TRADE
QLD1,2024/04/10 13:05:00,4254.35,-45.39,TRADE
QLD1,2024/04/10 13:10:00,4299.95,-41.60,TRADE
QLD1,2024/04/10 13:15:00,4307.22,-45.06,TRADE
QLD1,2024/04/10 13:20:00,4275.85,-45.06,TRADE
QLD1,2024/04/10 13:25:00,4340.23,-45.01,TRADE
QLD1,2024/04/10 13:30:00,4348.56,-43.39,TRADE
QLD1,2024/04/10 13:35:00,4382.59,-44.62,TRADE
QLD1,2024/04/10 13:40:00,4387.88,-44.63,TRADE
QLD1,2024/04/10 13:45:00,4519.64,-44.79,TRADE
QLD1,2024/04/10 13:50:00,4536.5,-44.82,TRADE
QLD1,2024/04/10 13:55:00,4565.67,-44.82,TRADE
QLD1,2024/04/10 14:00:00,4601.92,-45.06,TRADE
QLD1,2024/04/10 14:05:00,4634.77,-44.15,TRADE
QLD1,2024/04/10 14:10:00,4692.98,-41.60,TRADE
QLD1,2024/04/10 14:15:00,4782.74,-41.60,TRADE
QLD1,2024/04/10 14:20:00,4870.39,-36.57,TRADE
QLD1,2024/04/10 14:25:00,4925.93,-36.57,TRADE
QLD1,2024/04/10 14:30:00,4976.63,-25.40,TRADE
QLD1,2024/04/10 14:35:00,5111.89,-20.50,TRADE
QLD1,2024/04/10 14:40:00,5090.81,-25.40,TRADE
QLD1,2024/04/10 14:45:00,5217.28,-20.50,TRADE
QLD1,2024/04/10 14:50:00,5316.84,-20.50,TRADE
QLD1,2024/04/10 14:55:00,5365.39,-20.50,TRADE
QLD1,2024/04/10 15:00:00,5446.54,-10.80,TRADE
QLD1,2024/04/10 15:05:00,5484.39,-20.50,TRADE
QLD1,2024/04/10 15:10:00,5594.27,-10.80,TRADE
QLD1,2024/04/10 15:15:00,5729.26,2.11,TRADE
QLD1,2024/04/10 15:20:00,5771.54,26.58,TRADE
QLD1,2024/04/10 15:25:00,5946.92,38.55,TRADE
QLD1,2024/04/10 15:30:00,5992.19,46.48,TRADE
QLD1,2024/04/10 15:35:00,6123.52,8.65,TRADE
QLD1,2024/04/10 15:40:00,6179.7,18.93,TRADE
QLD1,2024/04/10 15:45:00,6292.65,23.62,TRADE
QLD1,2024/04/10 15:50:00,6386.79,23.05,TRADE
QLD1,2024/04/10 15:55:00,6431.53,32.98,TRADE
QLD1,2024/04/10 16:00:00,6508.25,38.55,TRADE
QLD1,2024/04/10 16:05:00,6584.18,19.64,TRADE
QLD1,2024/04/10 16:10:00,6613.44,21.57,TRADE
QLD1,2024/04/10 16:15:00,6734.37,34.75,TRADE
QLD1,2024/04/10 16:20:00,6814.84,46.53,TRADE
QLD1,2024/04/10 16:25:00,6969.36,53.09,TRADE
QLD1,2024/04/10 16:30:00,7014.58,62.73,TRADE
QLD1,2024/04/10 16:35:00,7111.67,56.71,TRADE
QLD1,2024/04/10 16:40:00,7131.7,63.66,TRADE
QLD1,2024/04/10 16:45:00,7230.52,69.10,TRADE
QLD1,2024/04/10 16:50:00,7285.41,103.72,TRADE
QLD1,2024/04/10 16:55:00,7450.2,164.85,TRADE
QLD1,2024/04/10 17:00:00,7486.42,110.72,TRADE
QLD1,2024/04/10 17:05:00,7484.51,105.65,TRADE
QLD1,2024/04/10 17:10:00,7548.33,105.33,TRADE
QLD1,2024/04/10 17:15:00,7576.3,131.23,TRADE
QLD1,2024/04/10 17:20:00,7625.29,145.57,TRADE
QLD1,2024/04/10 17:25:00,7594.64,152.03,TRADE
QLD1,2024/04/10 17:30:00,7712.22,187.83,TRADE
QLD1,2024/04/10 17:35:00,7645.81,138.98,TRADE
QLD1,2024/04/10 17:40:00,7636.54,138.98,TRADE
QLD1,2024/04/10 17:45:00,7753.19,159.32,TRADE
QLD1,2024/04/10 17:50:00,7686.06,138.99,TRADE
QLD1,2024/04/10 17:55:00,7807.01,154.16,TRADE
QLD1,2024/04/10 18:00:00,7702.5,153.64,TRADE
QLD1,2024/04/10 18:05:00,7775.9,156.93,TRADE
QLD1,2024/04/10 18:10:00,7761.69,154.61,TRADE
QLD1,2024/04/10 18:15:00,7791.53,152.85,TRADE
QLD1,2024/04/10 18:20:00,7756.01,153.34,TRADE
QLD1,2024/04/10 18:25:00,7774.87,155.48,TRADE
QLD1,2024/04/10 18:30:00,7719.98,146.14,TRADE
QLD1,2024/04/10 18:35:00,7756.09,151.88,TRADE
QLD1,2024/04/10 18:40:00,7686.02,138.98,TRADE
QLD1,2024/04/10 18:45:00,7724.74,121.19,TRADE
QLD1,2024/04/10 18:50:00,7711.24,138.98,TRADE
QLD1,2024/04/10 18:55:00,7739.36,118.37,TRADE
QLD1,2024/04/10 19:00:00,7729.4,89.91,TRADE
QLD1,2024/04/10 19:05:00,7681.23,99.32,TRADE
QLD1,2024/04/10 19:10:00,7618.79,99.32,TRADE
QLD1,2024/04/10 19:15:00,7586.64,99.32,TRADE
QLD1,2024/04/10 19:20:00,7531.87,85.55,TRADE
QLD1,2024/04/10 19:25:00,7477.14,83.53,TRADE
QLD1,2024/04/10 19:30:00,7468.91,84.80,TRADE
QLD1,2024/04/10 19:35:00,7431.05,85.88,TRADE
QLD1,2024/04/10 19:40:00,7352.28,83.90,TRADE
QLD1,2024/04/10 19:45:00,7288.27,78.69,TRADE
QLD1,2024/04/10 19:50:00,7323.67,78.19,TRADE
QLD1,2024/04/10 19:55:00,7268.17,76.23,TRADE
QLD1,2024/04/10 20:00:00,7271.99,73.31,TRADE
QLD1,2024/04/10 20:05:00,7255.62,83.90,TRADE
QLD1,2024/04/10 20:10:00,7192.08,80.66,TRADE
QLD1,2024/04/10 20:15:00,7186.27,85.55,TRADE
QLD1,2024/04/10 20:20:00,7100.24,84.82,TRADE
QLD1,2024/04/10 20:25:00,7060.31,83.90,TRADE
QLD1,2024/04/10 20:30:00,7015.97,66.73,TRADE
QLD1,2024/04/10 20:35:00,6961.26,83.90,TRADE
QLD1,2024/04/10 20:40:00,6971.56,83.90,TRADE
QLD1,2024/04/10 20:45:00,6941.61,83.90,TRADE
QLD1,2024/04/10 20:50:00,6961.53,83.90,TRADE
QLD1,2024/04/10 20:55:00,6945.08,76.52,TRADE
QLD1,2024/04/10 21:00:00,6922.08,62.73,TRADE
QLD1,2024/04/10 21:05:00,6861.25,59.75,TRADE
QLD1,2024/04/10 21:10:00,6885.97,75.41,TRADE
QLD1,2024/04/10 21:15:00,6818.97,59.75,TRADE
QLD1,2024/04/10 21:20:00,6756.96,59.75,TRADE
QLD1,2024/04/10 21:25:00,6741.57,65.74,TRADE
QLD1,2024/04/10 21:30:00,6674.71,59.55,TRADE
QLD1,2024/04/10 21:35:00,6662.99,59.55,TRADE
QLD1,2024/04/10 21:40:00,6676.01,73.63,TRADE
QLD1,2024/04/10 21:45:00,6660.57,59.75,TRADE
QLD1,2024/04/10 21:50:00,6559.7,59.75,TRADE
QLD1,2024/04/10 21:55:00,6577.19,72.94,TRADE
QLD1,2024/04/10 22:00:00,6545.16,59.55,TRADE
QLD1,2024/04/10 22:05:00,6467.39,87.48,TRADE
QLD1,2024/04/10 22:10:00,6480.98,96.56,TRADE
QLD1,2024/04/10 22:15:00,6474.97,98.29,TRADE
QLD1,2024/04/10 22:20:00,6408.3,85.55,TRADE
QLD1,2024/04/10 22:25:00,6352.39,85.55,TRADE
QLD1,2024/04/10 22:30:00,6265.48,85.55,TRADE
QLD1,2024/04/10 22:35:00,6282.58,96.79,TRADE
QLD1,2024/04/10 22:40:00,6256.89,97.51,TRADE
QLD1,2024/04/10 22:45:00,6341.57,99.42,TRADE
QLD1,2024/04/10 22:50:00,6296.9,99.42,TRADE
QLD1,2024/04/10 22:55:00,6250.16,98.56,TRADE
QLD1,2024/04/10 23:00:00,6182.32,85.75,TRADE
QLD1,2024/04/10 23:05:00,6148.98,85.75,TRADE
QLD1,2024/04/10 23:10:00,6132.67,96.60,TRADE
QLD1,2024/04/10 23:15:00,6147.18,99.57,TRADE
QLD1,2024/04/10 23:20:00,6137.05,99.42,TRADE
QLD1,2024/04/10 23:25:00,6070.6,96.15,TRADE
QLD1,2024/04/10 23:30:00,6030.45,98.73,TRADE
QLD1,2024/04/10 23:35:00,6025.43,100.55,TRADE
QLD1,2024/04/10 23:40:00,6026.66,100.55,TRADE
QLD1,2024/04/10 23:45:00,5943.09,92.98,TRADE
QLD1,2024/04/10 23:50:00,5979.86,97.45,TRADE
QLD1,2024/04/10 23:55:00,5935.27,99.42,TRADE
QLD1,2024/04/11 00:00:00,5910.58,93.71,TRADE
QLD1,2024/04/11 00:05:00,5862.54,98.94,TRADE
QLD1,2024/04/11 00:10:00,5903.81,109.29,TRADE
QLD1,2024/04/11 00:15:00,5867.4,109.31,TRADE
QLD1,2024/04/11 00:20:00,5810.72,109.18,TRADE
QLD1,2024/04/11 00:25:00,5844.94,100.55,TRADE
QLD1,2024/04/11 00:30:00,5748.17,109,TRADE
QLD1,2024/04/11 00:35:00,5694.72,100.55,TRADE
QLD1,2024/04/11 00:40:00,5719.08,108.13,TRADE
QLD1,2024/04/11 00:45:00,5623.44,100.55,TRADE
QLD1,2024/04/11 00:50:00,5703.73,108.08,TRADE
QLD1,2024/04/11 00:55:00,5621.6,106.57,TRADE
QLD1,2024/04/11 01:00:00,5645.36,106.60,TRADE
QLD1,2024/04/11 01:05:00,5650.44,100.55,TRADE
QLD1,2024/04/11 01:10:00,5604.31,100.55,TRADE
QLD1,2024/04/11 01:15:00,5561.28,99.42,TRADE
QLD1,2024/04/11 01:20:00,5620.05,97.70,TRADE
QLD1,2024/04/11 01:25:00,5613.09,96.69,TRADE
QLD1,2024/04/11 01:30:00,5583.9,85.55,TRADE
QLD1,2024/04/11 01:35:00,5554.8,85.55,TRADE
QLD1,2024/04/11 01:40:00,5577.39,97.47,TRADE
QLD1,2024/04/11 01:45:00,5562.23,85.75,TRADE
QLD1,2024/04/11 01:50:00,5555.91,83.20,TRADE
QLD1,2024/04/11 01:55:00,5529.48,67.83,TRADE
QLD1,2024/04/11 02:00:00,5568.08,82.84,TRADE
QLD1,2024/04/11 02:05:00,5509.55,85.75,TRADE
QLD1,2024/04/11 02:10:00,5563.65,94.52,TRADE
QLD1,2024/04/11 02:15:00,5558.6,85.55,TRADE
QLD1,2024/04/11 02:20:00,5528.36,82.18,TRADE
QLD1,2024/04/11 02:25:00,5468.02,67.32,TRADE
QLD1,2024/04/11 02:30:00,5474.26,81.56,TRADE
QLD1,2024/04/11 02:35:00,5491.6,83.75,TRADE
QLD1,2024/04/11 02:40:00,5463.71,85.55,TRADE
QLD1,2024/04/11 02:45:00,5483.35,70.23,TRADE
QLD1,2024/04/11 02:50:00,5518.71,74.72,TRADE
QLD1,2024/04/11 02:55:00,5541.2,70.81,TRADE
QLD1,2024/04/11 03:00:00,5505.57,62.73,TRADE
QLD1,2024/04/11 03:05:00,5488.86,71.29,TRADE
QLD1,2024/04/11 03:10:00,5463.88,85.55,TRADE
QLD1,2024/04/11 03:15:00,5451.99,83.75,TRADE
QLD1,2024/04/11 03:20:00,5442.83,83.43,TRADE
QLD1,2024/04/11 03:25:00,5432.64,82.06,TRADE
QLD1,2024/04/11 03:30:00,5441.17,82.59,TRADE
QLD1,2024/04/11 03:35:00,5441.52,67.51,TRADE
QLD1,2024/04/11 03:40:00,5505.45,79.74,TRADE
QLD1,2024/04/11 03:45:00,5459.91,83.06,TRADE
QLD1,2024/04/11 03:50:00,5493.4,85.21,TRADE
QLD1,2024/04/11 03:55:00,5514.32,85.55,TRADE
QLD1,2024/04/11 04:00:00,5500.53,85.55,TRADE
QLD1,2024/04/11 04:05:00,5519.42,91.49,TRADE
QLD1,2024/04/11 04:10:00,5508.12,85.75,TRADE
QLD1,2024/04/11 04:15:00,5572.78,95.92,TRADE
QLD1,2024/04/11 04:20:00,5584.15,96.17,TRADE
QLD1,2024/04/11 04:25:00,5607.87,99.46,TRADE
QLD1,2024/04/11 04:30:00,5634.07,99.42,TRADE
QLD1,2024/04/11 04:35:00,5600.47,95.21,TRADE
QLD1,2024/04/11 04:40:00,5606.4,96.69,TRADE
QLD1,2024/04/11 04:45:00,5641.61,97.44,TRADE
QLD1,2024/04/11 04:50:00,5677.23,95.03,TRADE
QLD1,2024/04/11 04:55:00,5689.31,100.37,TRADE
QLD1,2024/04/11 05:00:00,5718.23,101.88,TRADE
QLD1,2024/04/11 05:05:00,5765.25,100.63,TRADE
QLD1,2024/04/11 05:10:00,5759.84,96.23,TRADE
QLD1,2024/04/11 05:15:00,5828.67,100.55,TRADE
QLD1,2024/04/11 05:20:00,5812.34,105.32,TRADE
QLD1,2024/04/11 05:25:00,5867.62,100.55,TRADE
QLD1,2024/04/11 05:30:00,5866.5,110.07,TRADE
QLD1,2024/04/11 05:35:00,5887.27,100.79,TRADE
QLD1,2024/04/11 05:40:00,5906.94,128.06,TRADE
QLD1,2024/04/11 05:45:00,5927.06,128.93,TRADE
QLD1,2024/04/11 05:50:00,5971.78,133.86,TRADE
QLD1,2024/04/11 05:55:00,5957.77,129.98,TRADE
QLD1,2024/04/11 06:00:00,5999.39,135.13,TRADE
QLD1,2024/04/11 06:05:00,6061.19,107.05,TRADE
QLD1,2024/04/11 06:10:00,6073.32,129.80,TRADE
QLD1,2024/04/11 06:15:00,6102.8,133.92,TRADE
QLD1,2024/04/11 06:20:00,6100.44,139.76,TRADE
QLD1,2024/04/11 06:25:00,6166.63,151.46,TRADE
QLD1,2024/04/11 06:30:00,6156.17,138.98,TRADE
QLD1,2024/04/11 06:35:00,6134.24,138.98,TRADE
QLD1,2024/04/11 06:40:00,6146.08,141.82,TRADE
QLD1,2024/04/11 06:45:00,6178.26,138.05,TRADE
QLD1,2024/04/11 06:50:00,6085.53,141.03,TRADE
QLD1,2024/04/11 06:55:00,6034.88,104.52,TRADE
QLD1,2024/04/11 07:00:00,6067.77,73.20,TRADE
QLD1,2024/04/11 07:05:00,6038,53.54,TRADE
QLD1,2024/04/11 07:10:00,5996.42,35.31,TRADE
QLD1,2024/04/11 07:15:00,5928.86,42.75,TRADE
QLD1,2024/04/11 07:20:00,5790.46,19.92,TRADE
QLD1,2024/04/11 07:25:00,5840.53,38.75,TRADE
QLD1,2024/04/11 07:30:00,5725.66,18.84,TRADE
QLD1,2024/04/11 07:35:00,5652.88,18.84,TRADE
QLD1,2024/04/11 07:40:00,5550.76,-20.50,TRADE
QLD1,2024/04/11 07:45:00,5518.12,-20.50,TRADE
QLD1,2024/04/11 07:50:00,5386.49,-20.50,TRADE
QLD1,2024/04/11 07:55:00,5415.39,-20.50,TRADE
QLD1,2024/04/11 08:00:00,5315.22,-20.50,TRADE
QLD1,2024/04/11 08:05:00,5261.15,-20.50,TRADE
QLD1,2024/04/11 08:10:00,5318.02,-20.50,TRADE
QLD1,2024/04/11 08:15:00,5236.76,-10,TRADE
QLD1,2024/04/11 08:20:00,5210.74,-20.50,TRADE
QLD1,2024/04/11 08:25:00,5106.1,-20.50,TRADE
QLD1,2024/04/11 08:30:00,5072.39,-20.50,TRADE
QLD1,2024/04/11 08:35:00,4954.7,-20.50,TRADE
QLD1,2024/04/11 08:40:00,4903.92,-10,TRADE
QLD1,2024/04/11 08:45:00,4782.58,-20.50,TRADE
QLD1,2024/04/11 08:50:00,4741.45,-20.50,TRADE
QLD1,2024/04/11 08:55:00,4766.24,-20.50,TRADE
QLD1,2024/04/11 09:00:00,4672.37,-25.40,TRADE
QLD1,2024/04/11 09:05:00,4678.59,-31.18,TRADE
QLD1,2024/04/11 09:10:00,4594.98,-25.40,TRADE
QLD1,2024/04/11 09:15:00,4575.23,-25.40,TRADE
QLD1,2024/04/11 09:20:00,4542.06,-35,TRADE
QLD1,2024/04/11 09:25:00,4497.8,-31.18,TRADE
QLD1,2024/04/11 09:30:00,4467.69,-36.57,TRADE
QLD1,2024/04/11 09:35:00,4394.21,-38.94,TRADE
QLD1,2024/04/11 09:40:00,4340.51,-44.11,TRADE
QLD1,2024/04/11 09:45:00,4331.97,-45.34,TRADE
QLD1,2024/04/11 09:50:00,4208.11,-39.12,TRADE
QLD1,2024/04/11 09:55:00,4166.73,-37.49,TRADE
QLD1,2024/04/11 10:00:00,4174.98,-37.60,TRADE
QLD1,2024/04/11 10:05:00,4143.73,-37.34,TRADE
QLD1,2024/04/11 10:10:00,4116.31,-43.51,TRADE
QLD1,2024/04/11 10:15:00,4085.5,-41.09,TRADE
QLD1,2024/04/11 10:20:00,4090.14,-43.41,TRADE
QLD1,2024/04/11 10:25:00,4050.83,-41.07,TRADE
QLD1,2024/04/11 10:30:00,4047.47,-36.57,TRADE
QLD1,2024/04/11 10:35:00,4059.74,-36.16,TRADE
QLD1,2024/04/11 10:40:00,4160.94,-37.25,TRADE
QLD1,2024/04/11 10:45:00,4098.06,-36.23,TRADE
QLD1,2024/04/11 10:50:00,4111.03,-36.20,TRADE
QLD1,2024/04/11 10:55:00,4136.99,-41.98,TRADE
QLD1,2024/04/11 11:00:00,4080.87,-36.57,TRADE
QLD1,2024/04/11 11:05:00,4025.07,-35.83,TRADE
QLD1,2024/04/11 11:10:00,4090.72,-36.57,TRADE
QLD1,2024/04/11 11:15:00,4062.52,-43.04,TRADE
QLD1,2024/04/11 11:20:00,4032.52,-40.60,TRADE
QLD1,2024/04/11 11:25:00,4041.38,-40.74,TRADE
QLD1,2024/04/11 11:30:00,4030.93,-40.73,TRADE
QLD1,2024/04/11 11:35:00,4006.59,-41.45,TRADE
QLD1,2024/04/11 11:40:00,4090.1,-45.01,TRADE
QLD1,2024/04/11 11:45:00,4074.06,-45.34,TRADE
QLD1,2024/04/11 11:50:00,4111.33,-42.01,TRADE
QLD1,2024/04/11 11:55:00,4148.78,-42.01,TRADE
QLD1,2024/04/11 12:00:00,4122.78,-45.34,TRADE
QLD1,2024/04/11 12:05:00,4028.66,-45.40,TRADE
QLD1,2024/04/11 12:10:00,4066.32,-45.40,TRADE
QLD1,2024/04/11 12:15:00,4095.95,-45.34,TRADE
QLD1,2024/04/11 12:20:00,4084.54,-43.57,TRADE
QLD1,2024/04/11 12:25:00,4111.05,-41.86,TRADE
QLD1,2024/04/11 12:30:00,4154.7,-36.57,TRADE
QLD1,2024/04/11 12:35:00,4167.41,-36.57,TRADE
QLD1,2024/04/11 12:40:00,4213,-45.34,TRADE
QLD1,2024/04/11 12:45:00,4279.45,-25.40,TRADE
QLD1,2024/04/11 12:50:00,4302.66,-44.71,TRADE
QLD1,2024/04/11 12:55:00,4336,-25.40,TRADE
QLD1,2024/04/11 13:00:00,4357.41,-35,TRADE
QLD1,2024/04/11 13:05:00,4325.44,-35,TRADE
QLD1,2024/04/11 13:10:00,4380.28,-25.40,TRADE
QLD1,2024/04/11 13:15:00,4440.06,-20.50,TRADE
QLD1,2024/04/11 13:20:00,4444.81,-20.50,TRADE
QLD1,2024/04/11 13:25:00,4466.76,-20.50,TRADE
QLD1,2024/04/11 13:30:00,4473.4,-20.50,TRADE
QLD1,2024/04/11 13:35:00,4514.26,-20.50,TRADE
QLD1,2024/04/11 13:40:00,4603.75,-20.50,TRADE
QLD1,2024/04/11 13:45:00,4619.65,-20.50,TRADE
QLD1,2024/04/11 13:50:00,4703.94,-20.50,TRADE
QLD1,2024/04/11 13:55:00,4702.11,0.01,TRADE
QLD1,2024/04/11 14:00:00,4727.86,7.62,TRADE
QLD1,2024/04/11 14:05:00,4824.2,7.84,TRADE
QLD1,2024/04/11 14:10:00,4896.64,7.54,TRADE
QLD1,2024/04/11 14:15:00,4971.8,0.87,TRADE
QLD1,2024/04/11 14:20:00,4999.22,-8.20,TRADE
QLD1,2024/04/11 14:25:00,5009.41,-2.83,TRADE
QLD1,2024/04/11 14:30:00,5166.29,12.56,TRADE
QLD1,2024/04/11 14:35:00,5163.25,-10,TRADE
QLD1,2024/04/11 14:40:00,5318.84,7.77,TRADE
QLD1,2024/04/11 14:45:00,5417.38,7.96,TRADE
QLD1,2024/04/11 14:50:00,5413,7.93,TRADE
QLD1,2024/04/11 14:55:00,5498.89,8.17,TRADE
QLD1,2024/04/11 15:00:00,5576.01,17.91,TRADE
QLD1,2024/04/11 15:05:00,5602.03,8.34,TRADE
QLD1,2024/04/11 15:10:00,5676.62,19.30,TRADE
QLD1,2024/04/11 15:15:00,5764.55,23.76,TRADE
QLD1,2024/04/11 15:20:00,5844.41,23.62,TRADE
QLD1,2024/04/11 15:25:00,5953.93,23.13,TRADE
QLD1,2024/04/11 15:30:00,6058.63,27.61,TRADE
QLD1,2024/04/11 15:35:00,6116.77,23.62,TRADE
QLD1,2024/04/11 15:40:00,6125.98,23.62,TRADE
QLD1,2024/04/11 15:45:00,6264.27,34.76,TRADE
QLD1,2024/04/11 15:50:00,6354.04,61.55,TRADE
QLD1,2024/04/11 15:55:00,6377.44,37.24,TRADE
QLD1,2024/04/11 16:00:00,6472.89,43.35,TRADE
QLD1,2024/04/11 16:05:00,6583.44,22.42,TRADE
QLD1,2024/04/11 16:10:00,6630.66,39.11,TRADE
QLD1,2024/04/11 16:15:00,6678.5,48.75,TRADE
QLD1,2024/04/11 16:20:00,6782.16,61.17,TRADE
QLD1,2024/04/11 16:25:00,6879.39,119.18,TRADE
QLD1,2024/04/11 16:30:00,6957.33,263.09,TRADE
QLD1,2024/04/11 16:35:00,7051.02,88.49,TRADE
QLD1,2024/04/11 16:40:00,7110.72,97.90,TRADE
QLD1,2024/04/11 16:45:00,7169.2,129.28,TRADE
QLD1,2024/04/11 16:50:00,7218.58,138.98,TRADE
QLD1,2024/04/11 16:55:00,7314.93,201.42,TRADE
QLD1,2024/04/11 17:00:00,7370.08,277.44,TRADE
QLD1,2024/04/11 17:05:00,7384.82,206.24,TRADE
QLD1,2024/04/11 17:10:00,7339.88,145.64,TRADE
QLD1,2024/04/11 17:15:00,7494.03,289.62,TRADE
QLD1,2024/04/11 17:20:00,7483.77,204.29,TRADE
QLD1,2024/04/11 17:25:00,7469.36,285.75,TRADE
QLD1,2024/04/11 17:30:00,7481.25,289.03,TRADE
QLD1,2024/04/11 17:35:00,7560.93,261.55,TRADE
QLD1,2024/04/11 17:40:00,7522.89,285.75,TRADE
QLD1,2024/04/11 17:45:00,7575.76,219.48,TRADE
QLD1,2024/04/11 17:50:00,7692.15,285.75,TRADE
QLD1,2024/04/11 17:55:00,7656.14,301.39,TRADE
QLD1,2024/04/11 18:00:00,7753.48,308.01,TRADE
QLD1,2024/04/11 18:05:00,7742.74,281.74,TRADE
QLD1,2024/04/11 18:10:00,7723.58,263.01,TRADE
QLD1,2024/04/11 18:15:00,7686.16,150.10,TRADE
QLD1,2024/04/11 18:20:00,7783.42,295.57,TRADE
QLD1,2024/04/11 18:25:00,7735.66,285.75,TRADE
QLD1,2024/04/11 18:30:00,7709.44,251.73,TRADE
QLD1,2024/04/11 18:35:00,7674.89,188.15,TRADE
QLD1,2024/04/11 18:40:00,7688.52,196.02,TRADE
QLD1,2024/04/11 18:45:00,7697.52,247.31,TRADE
QLD1,2024/04/11 18:50:00,7693.62,263.01,TRADE
QLD1,2024/04/11 18:55:00,7625.34,142.22,TRADE
QLD1,2024/04/11 19:00:00,7613.64,167.29,TRADE
QLD1,2024/04/11 19:05:00,7591.55,138.97,TRADE
QLD1,2024/04/11 19:10:00,7536.5,133.91,TRADE
QLD1,2024/04/11 19:15:00,7528.6,133.01,TRADE
QLD1,2024/04/11 19:20:00,7505.01,133.01,TRADE
QLD1,2024/04/11 19:25:00,7525.16,133.84,TRADE
QLD1,2024/04/11 19:30:00,7466.17,113.01,TRADE
QLD1,2024/04/11 19:35:00,7423.84,115.75,TRADE
QLD1,2024/04/11 19:40:00,7480.94,136.24,TRADE
QLD1,2024/04/11 19:45:00,7440.61,133.05,TRADE
QLD1,2024/04/11 19:50:00,7391.17,113.01,TRADE
QLD1,2024/04/11 19:55:00,7389.71,114.25,TRADE
QLD1,2024/04/11 20:00:00,7327.39,101.89,TRADE
QLD1,2024/04/11 20:05:00,7309.39,115.75,TRADE
QLD1,2024/04/11 20:10:00,7213.8,110.49,TRADE
QLD1,2024/04/11 20:15:00,7165.42,99.32,TRADE
QLD1,2024/04/11 20:20:00,7117.49,99.32,TRADE
QLD1,2024/04/11 20:25:00,7142.02,115.75,TRADE
QLD1,2024/04/11 20:30:00,7085.31,113.01,TRADE
QLD1,2024/04/11 20:35:00,7036,112.80,TRADE
QLD1,2024/04/11 20:40:00,7057.84,114.71,TRADE
QLD1,2024/04/11 20:45:00,6955.8,107.36,TRADE
QLD1,2024/04/11 20:50:00,6969.83,97.90,TRADE
QLD1,2024/04/11 20:55:00,6914.64,97.90,TRADE
QLD1,2024/04/11 21:00:00,6862.83,97.90,TRADE
QLD1,2024/04/11 21:05:00,6855.8,126.04,TRADE
QLD1,2024/04/11 21:10:00,6805.31,159.48,TRADE
QLD1,2024/04/11 21:15:00,6730.36,113.01,TRADE
QLD1,2024/04/11 21:20:00,6761.22,125.09,TRADE
QLD1,2024/04/11 21:25:00,6715.74,89.25,TRADE
QLD1,2024/04/11 21:30:00,6784.39,97.90,TRADE
QLD1,2024/04/11 21:35:00,6624.3,85.55,TRADE
QLD1,2024/04/11 21:40:00,6667.63,85.55,TRADE
QLD1,2024/04/11 21:45:00,6629.84,85.55,TRADE
QLD1,2024/04/11 21:50:00,6492.23,61.54,TRADE
QLD1,2024/04/11 21:55:00,6578.4,79.33,TRADE
QLD1,2024/04/11 22:00:00,6551.75,79.34,TRADE
QLD1,2024/04/11 22:05:00,6491.93,59.50,TRADE
QLD1,2024/04/11 22:10:00,6509.5,111.95,TRADE
QLD1,2024/04/11 22:15:00,6450.03,92.03,TRADE
QLD1,2024/04/11 22:20:00,6498.11,111.98,TRADE
QLD1,2024/04/11 22:25:00,6419.51,91.35,TRADE
QLD1,2024/04/11 22:30:00,6325.11,85.55,TRADE
QLD1,2024/04/11 22:35:00,6304.22,91.68,TRADE
QLD1,2024/04/11 22:40:00,6279.5,99.42,TRADE
QLD1,2024/04/11 22:45:00,6269.87,91.03,TRADE
QLD1,2024/04/11 22:50:00,6262.81,91.03,TRADE
QLD1,2024/04/11 22:55:00,6232.11,90.31,TRADE
QLD1,2024/04/11 23:00:00,6158.34,83.24,TRADE
QLD1,2024/04/11 23:05:00,6145.16,85.55,TRADE
QLD1,2024/04/11 23:10:00,6140.89,89.03,TRADE
QLD1,2024/04/11 23:15:00,6187.77,89.68,TRADE
QLD1,2024/04/11 23:20:00,6079,85.75,TRADE
QLD1,2024/04/11 23:25:00,6075.27,85.55,TRADE
QLD1,2024/04/11 23:30:00,6103.45,63.27,TRADE
QLD1,2024/04/11 23:35:00,5907.72,62.73,TRADE
QLD1,2024/04/11 23:40:00,5914.14,85.75,TRADE
QLD1,2024/04/11 23:45:00,5929.96,85.75,TRADE
QLD1,2024/04/11 23:50:00,5902.18,86.60,TRADE
QLD1,2024/04/11 23:55:00,5867.06,85.75,TRADE
QLD1,2024/04/12 00:00:00,5811.37,85.75,TRADE
QLD1,2024/04/12 00:05:00,5839.13,87.33,TRADE
QLD1,2024/04/12 00:10:00,5834.59,87.34,TRADE
QLD1,2024/04/12 00:15:00,5778.46,99.42,TRADE
QLD1,2024/04/12 00:20:00,5752.41,85.75,TRADE
QLD1,2024/04/12 00:25:00,5784.84,86.63,TRADE
QLD1,2024/04/12 00:30:00,5714.24,85.75,TRADE
QLD1,2024/04/12 00:35:00,5659.99,85.75,TRADE
QLD1,2024/04/12 00:40:00,5705.94,85.55,TRADE
QLD1,2024/04/12 00:45:00,5626.78,85.55,TRADE
QLD1,2024/04/12 00:50:00,5641.98,85.55,TRADE
QLD1,2024/04/12 00:55:00,5687.6,85.75,TRADE
QLD1,2024/04/12 01:00:00,5639.38,85.55,TRADE
QLD1,2024/04/12 01:05:00,5624.44,85.55,TRADE
QLD1,2024/04/12 01:10:00,5583.84,85.55,TRADE
QLD1,2024/04/12 01:15:00,5592.3,85.54,TRADE
QLD1,2024/04/12 01:20:00,5580.45,85.55,TRADE
QLD1,2024/04/12 01:25:00,5604.36,85.50,TRADE
QLD1,2024/04/12 01:30:00,5549,83.53,TRADE
QLD1,2024/04/12 01:35:00,5591.6,62.73,TRADE
QLD1,2024/04/12 01:40:00,5585.71,84.04,TRADE
QLD1,2024/04/12 01:45:00,5602.96,85.44,TRADE
QLD1,2024/04/12 01:50:00,5579.96,83.99,TRADE
QLD1,2024/04/12 01:55:00,5517.83,82.92,TRADE
QLD1,2024/04/12 02:00:00,5563.17,62.73,TRADE
QLD1,2024/04/12 02:05:00,5542.89,88.03,TRADE
QLD1,2024/04/12 02:10:00,5515.03,85.75,TRADE
QLD1,2024/04/12 02:15:00,5490.98,85.55,TRADE
QLD1,2024/04/12 02:20:00,5492.58,84.77,TRADE
QLD1,2024/04/12 02:25:00,5576.66,85.75,TRADE
QLD1,2024/04/12 02:30:00,5541.2,85.75,TRADE
QLD1,2024/04/12 02:35:00,5530.05,85.55,TRADE
QLD1,2024/04/12 02:40:00,5505.43,85.55,TRADE
QLD1,2024/04/12 02:45:00,5450.12,64.32,TRADE
QLD1,2024/04/12 02:50:00,5517.84,85.55,TRADE
QLD1,2024/04/12 02:55:00,5470.87,84.14,TRADE
QLD1,2024/04/12 03:00:00,5500.1,85.55,TRADE
QLD1,2024/04/12 03:05:00,5516.56,70.51,TRADE
QLD1,2024/04/12 03:10:00,5475.97,84.91,TRADE
QLD1,2024/04/12 03:15:00,5562.31,67.39,TRADE
QLD1,2024/04/12 03:20:00,5534.86,70.48,TRADE
QLD1,2024/04/12 03:25:00,5480.94,84.06,TRADE
QLD1,2024/04/12 03:30:00,5539.49,85.55,TRADE
QLD1,2024/04/12 03:35:00,5484.95,84.07,TRADE
QLD1,2024/04/12 03:40:00,5490.2,59.75,TRADE
QLD1,2024/04/12 03:45:00,5517.1,68.04,TRADE
QLD1,2024/04/12 03:50:00,5519.53,67.86,TRADE
QLD1,2024/04/12 03:55:00,5605.99,92.64,TRADE
QLD1,2024/04/12 04:00:00,5556.77,85.55,TRADE
QLD1,2024/04/12 04:05:00,5521.86,72.89,TRADE
QLD1,2024/04/12 04:10:00,5545.41,84.27,TRADE
QLD1,2024/04/12 04:15:00,5559.38,73.48,TRADE
QLD1,2024/04/12 04:20:00,5521.54,73.01,TRADE
QLD1,2024/04/12 04:25:00,5557.31,84.32,TRADE
QLD1,2024/04/12 04:30:00,5599.13,85.55,TRADE
QLD1,2024/04/12 04:35:00,5656.97,85.75,TRADE
QLD1,2024/04/12 04:40:00,5669.01,85.55,TRADE
QLD1,2024/04/12 04:45:00,5704.09,75.94,TRADE
QLD1,2024/04/12 04:50:00,5661.4,76.24,TRADE
QLD1,2024/04/12 04:55:00,5658.94,85.55,TRADE
QLD1,2024/04/12 05:00:00,5777.83,100.06,TRADE
QLD1,2024/04/12 05:05:00,5723.5,72.32,TRADE
QLD1,2024/04/12 05:10:00,5778.61,75.97,TRADE
QLD1,2024/04/12 05:15:00,5846.01,85.75,TRADE
QLD1,2024/04/12 05:20:00,5836.25,94.80,TRADE
QLD1,2024/04/12 05:25:00,5884.11,98.81,TRADE
QLD1,2024/04/12 05:30:00,5892.83,98.82,TRADE
QLD1,2024/04/12 05:35:00,6006.44,85.55,TRADE
QLD1,2024/04/12 05:40:00,5941.43,85.75,TRADE
QLD1,2024/04/12 05:45:00,6006.34,85.75,TRADE
QLD1,2024/04/12 05:50:00,5987.65,85.55,TRADE
QLD1,2024/04/12 05:55:00,6006.15,100.55,TRADE
QLD1,2024/04/12 06:00:00,5976.39,85.55,TRADE
QLD1,2024/04/12 06:05:00,6100.31,85.55,TRADE
QLD1,2024/04/12 06:10:00,6194.69,101.30,TRADE
QLD1,2024/04/12 06:15:00,6243.99,133.63,TRADE
QLD1,2024/04/12 06:20:00,6262.28,145.63,TRADE
QLD1,2024/04/12 06:25:00,6326.37,138.86,TRADE
QLD1,2024/04/12 06:30:00,6293.11,134.45,TRADE
QLD1,2024/04/12 06:35:00,6223.07,100.55,TRADE
QLD1,2024/04/12 06:40:00,6143.72,98.71,TRADE
QLD1,2024/04/12 06:45:00,6204.07,85.55,TRADE
QLD1,2024/04/12 06:50:00,6199.98,96.31,TRADE
QLD1,2024/04/12 06:55:00,6164.29,60.25,TRADE
QLD1,2024/04/12 07:00:00,6067.79,49.05,TRADE
QLD1,2024/04/12 07:05:00,6181.99,56.75,TRADE
QLD1,2024/04/12 07:10:00,6021.28,48.75,TRADE
QLD1,2024/04/12 07:15:00,5970.05,44.53,TRADE
QLD1,2024/04/12 07:20:00,5985.4,18.84,TRADE
QLD1,2024/04/12 07:25:00,5934.55,-9.93,TRADE
QLD1,2024/04/12 07:30:00,5950.71,29.22,TRADE
QLD1,2024/04/12 07:35:00,5875.29,34.33,TRADE
QLD1,2024/04/12 07:40:00,5770.44,-10.40,TRADE
QLD1,2024/04/12 07:45:00,5785.36,-9.33,TRADE
QLD1,2024/04/12 07:50:00,5635.83,-20.50,TRADE
QLD1,2024/04/12 07:55:00,5546.1,-20.50,TRADE
QLD1,2024/04/12 08:00:00,5529.84,-20.50,TRADE
QLD1,2024/04/12 08:05:00,5474.11,-20.50,TRADE
QLD1,2024/04/12 08:10:00,5493.97,34.75,TRADE
QLD1,2024/04/12 08:15:00,5441.03,0,TRADE
QLD1,2024/04/12 08:20:00,5272.42,-10,TRADE
QLD1,2024/04/12 08:25:00,5249.19,-7.84,TRADE
QLD1,2024/04/12 08:30:00,5180.29,-10.50,TRADE
QLD1,2024/04/12 08:35:00,5154.32,6.14,TRADE
QLD1,2024/04/12 08:40:00,5100.65,34.84,TRADE
QLD1,2024/04/12 08:45:00,5023.61,0,TRADE
QLD1,2024/04/12 08:50:00,5077.12,21.57,TRADE
QLD1,2024/04/12 08:55:00,4986.77,-7.98,TRADE
QLD1,2024/04/12 09:00:00,4957.89,-10,TRADE
QLD1,2024/04/12 09:05:00,4875.09,-20.50,TRADE
QLD1,2024/04/12 09:10:00,4856.14,-20.50,TRADE
QLD1,2024/04/12 09:15:00,4802.84,-20.50,TRADE
QLD1,2024/04/12 09:20:00,4763.62,-20.50,TRADE
QLD1,2024/04/12 09:25:00,4803.2,-20.50,TRADE
QLD1,2024/04/12 09:30:00,4729.92,-20.50,TRADE
QLD1,2024/04/12 09:35:00,4630.45,-20.50,TRADE
QLD1,2024/04/12 09:40:00,4546.79,-25.40,TRADE
QLD1,2024/04/12 09:45:00,4613.06,-20.50,TRADE
QLD1,2024/04/12 09:50:00,4542.21,-20.50,TRADE
QLD1,2024/04/12 09:55:00,4537.41,-20.50,TRADE
QLD1,2024/04/12 10:00:00,4502.67,-20.50,TRADE
QLD1,2024/04/12 10:05:00,4506.29,-20.50,TRADE
QLD1,2024/04/12 10:10:00,4474.48,-25.40,TRADE
QLD1,2024/04/12 10:15:00,4462.34,-25.40,TRADE
QLD1,2024/04/12 10:20:00,4502.38,-20.50,TRADE
QLD1,2024/04/12 10:25:00,4447.25,-31.18,TRADE
QLD1,2024/04/12 10:30:00,4423.33,-31.18,TRADE
QLD1,2024/04/12 10:35:00,4487.7,-25.40,TRADE
QLD1,2024/04/12 10:40:00,4566.56,-20.50,TRADE
QLD1,2024/04/12 10:45:00,4483.36,-31.18,TRADE
QLD1,2024/04/12 10:50:00,4569.44,-20.50,TRADE
QLD1,2024/04/12 10:55:00,4592.66,-20.50,TRADE
QLD1,2024/04/12 11:00:00,4619.83,-35.82,TRADE
QLD1,2024/04/12 11:05:00,4574.24,-20.50,TRADE
QLD1,2024/04/12 11:10:00,4651.19,-20.50,TRADE
QLD1,2024/04/12 11:15:00,4644.61,-35,TRADE
QLD1,2024/04/12 11:20:00,4669.78,-20.50,TRADE
QLD1,2024/04/12 11:25:00,4647.16,-20.50,TRADE
QLD1,2024/04/12 11:30:00,4665.26,-20.50,TRADE
QLD1,2024/04/12 11:35:00,4636.58,-35,TRADE
QLD1,2024/04/12 11:40:00,4763.01,-10.80,TRADE
QLD1,2024/04/12 11:45:00,4723.25,-20.50,TRADE
QLD1,2024/04/12 11:50:00,4739.11,-20.50,TRADE
QLD1,2024/04/12 11:55:00,4784.55,-20.50,TRADE
QLD1,2024/04/12 12:00:00,4816.56,0,TRADE
QLD1,2024/04/12 12:05:00,4739.68,-10.40,TRADE
QLD1,2024/04/12 12:10:00,4813.78,-7.98,TRADE
QLD1,2024/04/12 12:15:00,4786.55,-10,TRADE
QLD1,2024/04/12 12:20:00,4704.5,-20.50,TRADE
QLD1,2024/04/12 12:25:00,4773.81,0,TRADE
QLD1,2024/04/12 12:30:00,4781.45,15.60,TRADE
QLD1,2024/04/12 12:35:00,4710.42,-10.80,TRADE
QLD1,2024/04/12 12:40:00,4787.79,-20.50,TRADE
QLD1,2024/04/12 12:45:00,4819.02,-8,TRADE
QLD1,2024/04/12 12:50:00,4809.29,7.50,TRADE
QLD1,2024/04/12 12:55:00,4843.28,15.71,TRADE
QLD1,2024/04/12 13:00:00,4922.41,7.89,TRADE
QLD1,2024/04/12 13:05:00,4912.6,-9.61,TRADE
QLD1,2024/04/12 13:10:00,4918.89,15.79,TRADE
QLD1,2024/04/12 13:15:00,4928.89,15.84,TRADE
QLD1,2024/04/12 13:20:00,4934.17,7.44,TRADE
QLD1,2024/04/12 13:25:00,4890.52,7.32,TRADE
QLD1,2024/04/12 13:30:00,4902.84,8.61,TRADE
QLD1,2024/04/12 13:35:00,4917.89,7.60,TRADE
QLD1,2024/04/12 13:40:00,4902.56,7.89,TRADE
QLD1,2024/04/12 13:45:00,4881.27,7.96,TRADE
QLD1,2024/04/12 13:50:00,4881.07,8.14,TRADE
QLD1,2024/04/12 13:55:00,4928.45,7.82,TRADE
QLD1,2024/04/12 14:00:00,4937.29,8.74,TRADE
QLD1,2024/04/12 14:05:00,4949.34,12.83,TRADE
QLD1,2024/04/12 14:10:00,4995.16,8.08,TRADE
QLD1,2024/04/12 14:15:00,5065.48,-10.40,TRADE
QLD1,2024/04/12 14:20:00,5131.03,8.27,TRADE
QLD1,2024/04/12 14:25:00,5229.5,9.65,TRADE
QLD1,2024/04/12 14:30:00,5242.82,9.64,TRADE
QLD1,2024/04/12 14:35:00,5311.33,0,TRADE
QLD1,2024/04/12 14:40:00,5412.14,7.78,TRADE
QLD1,2024/04/12 14:45:00,5467.17,25.18,TRADE
QLD1,2024/04/12 14:50:00,5540.52,38.55,TRADE
QLD1,2024/04/12 14:55:00,5633.2,38.55,TRADE
QLD1,2024/04/12 15:00:00,5659.28,22.73,TRADE
QLD1,2024/04/12 15:05:00,5737.22,17.63,TRADE
QLD1,2024/04/12 15:10:00,5748.33,18.55,TRADE
QLD1,2024/04/12 15:15:00,5743.68,23.23,TRADE
QLD1,2024/04/12 15:20:00,5892.49,38.55,TRADE
QLD1,2024/04/12 15:25:00,6037.4,48.25,TRADE
QLD1,2024/04/12 15:30:00,6092.45,48.77,TRADE
QLD1,2024/04/12 15:35:00,6215.77,60.74,TRADE
QLD1,2024/04/12 15:40:00,6286.3,59.18,TRADE
QLD1,2024/04/12 15:45:00,6431.13,48.75,TRADE
QLD1,2024/04/12 15:50:00,6425.9,48.75,TRADE
QLD1,2024/04/12 15:55:00,6464.63,59.55,TRADE
QLD1,2024/04/12 16:00:00,6595.71,121.67,TRADE
QLD1,2024/04/12 16:05:00,6650.77,57.59,TRADE
QLD1,2024/04/12 16:10:00,6777.04,59.75,TRADE
QLD1,2024/04/12 16:15:00,6806.84,67.47,TRADE
QLD1,2024/04/12 16:20:00,6779.16,62.73,TRADE
QLD1,2024/04/12 16:25:00,6898.78,69.70,TRADE
QLD1,2024/04/12 16:30:00,6945.07,84.90,TRADE
QLD1,2024/04/12 16:35:00,6981.87,84.90,TRADE
QLD1,2024/04/12 16:40:00,7067.02,95.91,TRADE
QLD1,2024/04/12 16:45:00,7125.19,99.32,TRADE
QLD1,2024/04/12 16:50:00,7223.52,132.48,TRADE
QLD1,2024/04/12 16:55:00,7268.83,112.76,TRADE
QLD1,2024/04/12 17:00:00,7364.38,285.75,TRADE
QLD1,2024/04/12 17:05:00,7322.92,105.74,TRADE
QLD1,2024/04/12 17:10:00,7378.49,138.98,TRADE
QLD1,2024/04/12 17:15:00,7500.32,265.73,TRADE
QLD1,2024/04/12 17:20:00,7403.7,190.49,TRADE
QLD1,2024/04/12 17:25:00,7443.62,261.55,TRADE
QLD1,2024/04/12 17:30:00,7469.73,284.35,TRADE
QLD1,2024/04/12 17:35:00,7471.14,194.01,TRADE
QLD1,2024/04/12 17:40:00,7401.5,190.49,TRADE
QLD1,2024/04/12 17:45:00,7418.89,194.01,TRADE
QLD1,2024/04/12 17:50:00,7431.02,177.65,TRADE
QLD1,2024/04/12 17:55:00,7479.15,149.89,TRADE
QLD1,2024/04/12 18:00:00,7515.27,191.64,TRADE
QLD1,2024/04/12 18:05:00,7531.51,172.02,TRADE
QLD1,2024/04/12 18:10:00,7604.49,174.19,TRADE
QLD1,2024/04/12 18:15:00,7556.68,160.16,TRADE
QLD1,2024/04/12 18:20:00,7499.15,142.48,TRADE
QLD1,2024/04/12 18:25:00,7569.83,169.38,TRADE
QLD1,2024/04/12 18:30:00,7606.24,182.64,TRADE
QLD1,2024/04/12 18:35:00,7558.93,185.10,TRADE
QLD1,2024/04/12 18:40:00,7477.61,143.77,TRADE
QLD1,2024/04/12 18:45:00,7492.05,138.98,TRADE
QLD1,2024/04/12 18:50:00,7473.09,137.03,TRADE
QLD1,2024/04/12 18:55:00,7400.2,132.15,TRADE
QLD1,2024/04/12 19:00:00,7410.92,133.01,TRADE
QLD1,2024/04/12 19:05:00,7425.28,138.47,TRADE
QLD1,2024/04/12 19:10:00,7364,131.97,TRADE
QLD1,2024/04/12 19:15:00,7255.31,98.99,TRADE
QLD1,2024/04/12 19:20:00,7246.79,99.01,TRADE
QLD1,2024/04/12 19:25:00,7221.87,88.59,TRADE
QLD1,2024/04/12 19:30:00,7121.83,86.63,TRADE
QLD1,2024/04/12 19:35:00,7208.74,101.35,TRADE
QLD1,2024/04/12 19:40:00,7166.35,99.32,TRADE
QLD1,2024/04/12 19:45:00,7044.9,85.55,TRADE
QLD1,2024/04/12 19:50:00,7149.23,99.32,TRADE
QLD1,2024/04/12 19:55:00,7155,101.88,TRADE
QLD1,2024/04/12 20:00:00,7148.95,99.32,TRADE
QLD1,2024/04/12 20:05:00,7170.23,117.94,TRADE
QLD1,2024/04/12 20:10:00,7135.32,134.05,TRADE
QLD1,2024/04/12 20:15:00,7119.9,133.01,TRADE
QLD1,2024/04/12 20:20:00,7135.87,133.01,TRADE
QLD1,2024/04/12 20:25:00,7113.38,138.06,TRADE
QLD1,2024/04/12 20:30:00,7120.38,134.25,TRADE
QLD1,2024/04/12 20:35:00,7050.9,135.87,TRADE
QLD1,2024/04/12 20:40:00,6961.16,113.13,TRADE
QLD1,2024/04/12 20:45:00,6984.04,113.29,TRADE
QLD1,2024/04/12 20:50:00,6963.6,113.17,TRADE
QLD1,2024/04/12 20:55:00,6887.33,131.05,TRADE
QLD1,2024/04/12 21:00:00,6847.96,100.70,TRADE
QLD1,2024/04/12 21:05:00,6878.35,133.69,TRADE
QLD1,2024/04/12 21:10:00,6858.23,160.76,TRADE
QLD1,2024/04/12 21:15:00,6775.88,134.12,TRADE
QLD1,2024/04/12 21:20:00,6710.94,102.95,TRADE
QLD1,2024/04/12 21:25:00,6739.08,103,TRADE
QLD1,2024/04/12 21:30:00,6652.2,99.01,TRADE
QLD1,2024/04/12 21:35:00,6675.04,133.01,TRADE
QLD1,2024/04/12 21:40:00,6573.79,133.64,TRADE
QLD1,2024/04/12 21:45:00,6631.26,99.01,TRADE
QLD1,2024/04/12 21:50:00,6527.46,99.01,TRADE
QLD1,2024/04/12 21:55:00,6522.33,99.01,TRADE
QLD1,2024/04/12 22:00:00,6495.78,99.01,TRADE
QLD1,2024/04/12 22:05:00,6473.8,103.12,TRADE
QLD1,2024/04/12 22:10:00,6467.8,181.60,TRADE
QLD1,2024/04/12 22:15:00,6487.65,147.53,TRADE
QLD1,2024/04/12 22:20:00,6417.03,151.10,TRADE
QLD1,2024/04/12 22:25:00,6399.75,172.80,TRADE
QLD1,2024/04/12 22:30:00,6414.66,154.34,TRADE
QLD1,2024/04/12 22:35:00,6285.79,131.97,TRADE
QLD1,2024/04/12 22:40:00,6337.01,155.88,TRADE
QLD1,2024/04/12 22:45:00,6341.49,190.29,TRADE
QLD1,2024/04/12 22:50:00,6300.52,153.65,TRADE
QLD1,2024/04/12 22:55:00,6312.07,145.52,TRADE
QLD1,2024/04/12 23:00:00,6258.02,152.42,TRADE
QLD1,2024/04/12 23:05:00,6237.94,150.09,TRADE
QLD1,2024/04/12 23:10:00,6184.24,148.87,TRADE
QLD1,2024/04/12 23:15:00,6234.99,147.44,TRADE
QLD1,2024/04/12 23:20:00,6206.57,131.36,TRADE
QLD1,2024/04/12 23:25:00,6164.6,142.38,TRADE
QLD1,2024/04/12 23:30:00,6151.41,183,TRADE
QLD1,2024/04/12 23:35:00,6063.33,134.85,TRADE
QLD1,2024/04/12 23:40:00,6032.52,136.26,TRADE
QLD1,2024/04/12 23:45:00,5988.91,131.98,TRADE
QLD1,2024/04/12 23:50:00,6103.58,131.40,TRADE
QLD1,2024/04/12 23:55:00,5935.22,98.70,TRADE
QLD1,2024/04/13 00:00:00,5900.58,122.94,TRADE
QLD1,2024/04/13 00:05:00,5844.63,97.90,TRADE
QLD1,2024/04/13 00:10:00,5897.84,100.05,TRADE
QLD1,2024/04/13 00:15:00,5899.88,100.11,TRADE
QLD1,2024/04/13 00:20:00,5887.95,99.51,TRADE
QLD1,2024/04/13 00:25:00,5857.9,98.60,TRADE
QLD1,2024/04/13 00:30:00,5840.14,91.70,TRADE
QLD1,2024/04/13 00:35:00,5808.5,94.98,TRADE
QLD1,2024/04/13 00:40:00,5770.09,93.87,TRADE
QLD1,2024/04/13 00:45:00,5718.43,89.71,TRADE
QLD1,2024/04/13 00:50:00,5784.43,90.38,TRADE
QLD1,2024/04/13 00:55:00,5724.5,80.83,TRADE
QLD1,2024/04/13 01:00:00,5728.38,81.91,TRADE
QLD1,2024/04/13 01:05:00,5687.44,89.15,TRADE
QLD1,2024/04/13 01:10:00,5789.4,92.04,TRADE
QLD1,2024/04/13 01:15:00,5680.26,89.46,TRADE
QLD1,2024/04/13 01:20:00,5668.11,88.88,TRADE
QLD1,2024/04/13 01:25:00,5655.68,85.55,TRADE
QLD1,2024/04/13 01:30:00,5646.29,85.75,TRADE
QLD1,2024/04/13 01:35:00,5660.73,85.75,TRADE
QLD1,2024/04/13 01:40:00,5574.35,90.15,TRADE
QLD1,2024/04/13 01:45:00,5540.62,85.75,TRADE
QLD1,2024/04/13 01:50:00,5554.98,91.49,TRADE
QLD1,2024/04/13 01:55:00,5540.97,85.55,TRADE
QLD1,2024/04/13 02:00:00,5570.8,96.03,TRADE
QLD1,2024/04/13 02:05:00,5498.11,92.50,TRADE
QLD1,2024/04/13 02:10:00,5564.02,97.48,TRADE
QLD1,2024/04/13 02:15:00,5481.94,93.73,TRADE
QLD1,2024/04/13 02:20:00,5458.6,85.55,TRADE
QLD1,2024/04/13 02:25:00,5514.27,85.55,TRADE
QLD1,2024/04/13 02:30:00,5486.31,85.55,TRADE
QLD1,2024/04/13 02:35:00,5519.89,94.15,TRADE
QLD1,2024/04/13 02:40:00,5486.96,93.55,TRADE
QLD1,2024/04/13 02:45:00,5523.78,94.17,TRADE
QLD1,2024/04/13 02:50:00,5454.82,88.03,TRADE
QLD1,2024/04/13 02:55:00,5550.32,85.75,TRADE
QLD1,2024/04/13 03:00:00,5523.62,94.10,TRADE
QLD1,2024/04/13 03:05:00,5506.23,85.75,TRADE
QLD1,2024/04/13 03:10:00,5473.37,88.14,TRADE
QLD1,2024/04/13 03:15:00,5469.71,92.77,TRADE
QLD1,2024/04/13 03:20:00,5465.72,86.80,TRADE
QLD1,2024/04/13 03:25:00,5479.85,85.55,TRADE
QLD1,2024/04/13 03:30:00,5428.43,92.45,TRADE
QLD1,2024/04/13 03:35:00,5485.22,93.32,TRADE
QLD1,2024/04/13 03:40:00,5497.68,93.35,TRADE
QLD1,2024/04/13 03:45:00,5475.22,85.75,TRADE
QLD1,2024/04/13 03:50:00,5425.78,85.55,TRADE
QLD1,2024/04/13 03:55:00,5491.26,85.55,TRADE
QLD1,2024/04/13 04:00:00,5459.17,85.75,TRADE
QLD1,2024/04/13 04:05:00,5418.23,85.75,TRADE
QLD1,2024/04/13 04:10:00,5494.15,98.04,TRADE
QLD1,2024/04/13 04:15:00,5447.51,85.75,TRADE
QLD1,2024/04/13 04:20:00,5458.52,85.55,TRADE
QLD1,2024/04/13 04:25:00,5468.91,85.55,TRADE
QLD1,2024/04/13 04:30:00,5427.88,85.55,TRADE
QLD1,2024/04/13 04:35:00,5486.46,73.98,TRADE
QLD1,2024/04/13 04:40:00,5493.71,85.75,TRADE
QLD1,2024/04/13 04:45:00,5490.28,91.28,TRADE
QLD1,2024/04/13 04:50:00,5513.27,85.55,TRADE
QLD1,2024/04/13 04:55:00,5486.95,85.55,TRADE
QLD1,2024/04/13 05:00:00,5482.74,88.37,TRADE
QLD1,2024/04/13 05:05:00,5574.74,85.75,TRADE
QLD1,2024/04/13 05:10:00,5565.84,85.75,TRADE
QLD1,2024/04/13 05:15:00,5592.12,85.75,TRADE
QLD1,2024/04/13 05:20:00,5560.25,96.17,TRADE
QLD1,2024/04/13 05:25:00,5614.32,99.42,TRADE
QLD1,2024/04/13 05:30:00,5586.27,96.95,TRADE
QLD1,2024/04/13 05:35:00,5593.82,85.75,TRADE
QLD1,2024/04/13 05:40:00,5659.61,100.55,TRADE
QLD1,2024/04/13 05:45:00,5647.28,100.55,TRADE
QLD1,2024/04/13 05:50:00,5646.19,133.54,TRADE
QLD1,2024/04/13 05:55:00,5671.81,122.29,TRADE
QLD1,2024/04/13 06:00:00,5657.19,134.75,TRADE
QLD1,2024/04/13 06:05:00,5623.33,100.55,TRADE
QLD1,2024/04/13 06:10:00,5712.64,120.87,TRADE
QLD1,2024/04/13 06:15:00,5750.06,134.32,TRADE
QLD1,2024/04/13 06:20:00,5707.52,138.98,TRADE
QLD1,2024/04/13 06:25:00,5722.1,138.98,TRADE
QLD1,2024/04/13 06:30:00,5736.68,240.42,TRADE
QLD1,2024/04/13 06:35:00,5717.18,128.50,TRADE
QLD1,2024/04/13 06:40:00,5704.41,128.16,TRADE
QLD1,2024/04/13 06:45:00,5716.9,119.43,TRADE
QLD1,2024/04/13 06:50:00,5670.47,101.46,TRADE
QLD1,2024/04/13 06:55:00,5664.97,88.88,TRADE
QLD1,2024/04/13 07:00:00,5627.01,85.55,TRADE
QLD1,2024/04/13 07:05:00,5596.25,59.75,TRADE
QLD1,2024/04/13 07:10:00,5477.74,32.88,TRADE
QLD1,2024/04/13 07:15:00,5474.92,38.75,TRADE
QLD1,2024/04/13 07:20:00,5466.65,38.75,TRADE
QLD1,2024/04/13 07:25:00,5389.03,35.05,TRADE
QLD1,2024/04/13 07:30:00,5312.2,29.52,TRADE
QLD1,2024/04/13 07:35:00,5223.94,29.45,TRADE
QLD1,2024/04/13 07:40:00,5164.3,18.84,TRADE
QLD1,2024/04/13 07:45:00,5194.22,18.84,TRADE
QLD1,2024/04/13 07:50:00,5069.28,-9.21,TRADE
QLD1,2024/04/13 07:55:00,5006.19,-10.80,TRADE
QLD1,2024/04/13 08:00:00,4990.42,-10,TRADE
QLD1,2024/04/13 08:05:00,4982.44,-10.80,TRADE
QLD1,2024/04/13 08:10:00,4879.33,-10.80,TRADE
QLD1,2024/04/13 08:15:00,4931.92,-5,TRADE
QLD1,2024/04/13 08:20:00,4886.91,-10.40,TRADE
QLD1,2024/04/13 08:25:00,4779.42,-20.50,TRADE
QLD1,2024/04/13 08:30:00,4717.43,-20.50,TRADE
QLD1,2024/04/13 08:35:00,4635.05,-20.50,TRADE
QLD1,2024/04/13 08:40:00,4611.28,-20.50,TRADE
QLD1,2024/04/13 08:45:00,4592.76,-10.80,TRADE
QLD1,2024/04/13 08:50:00,4519.17,-10.80,TRADE
QLD1,2024/04/13 08:55:00,4470.79,-10.80,TRADE
QLD1,2024/04/13 09:00:00,4421.62,-20.50,TRADE
QLD1,2024/04/13 09:05:00,4424.65,-20.50,TRADE
QLD1,2024/04/13 09:10:00,4386.87,-20.50,TRADE
QLD1,2024/04/13 09:15:00,4343.59,-20.50,TRADE
QLD1,2024/04/13 09:20:00,4289.6,-20.50,TRADE
QLD1,2024/04/13 09:25:00,4258.63,-20.50,TRADE
QLD1,2024/04/13 09:30:00,4214.02,-20.50,TRADE
QLD1,2024/04/13 09:35:00,4216.59,-20.50,TRADE
QLD1,2024/04/13 09:40:00,4183.62,-20.50,TRADE
QLD1,2024/04/13 09:45:00,4127.96,-20.50,TRADE
QLD1,2024/04/13 09:50:00,4151.07,-20.50,TRADE
QLD1,2024/04/13 09:55:00,4111.49,-20.50,TRADE
QLD1,2024/04/13 10:00:00,4100.26,-20.50,TRADE
QLD1,2024/04/13 10:05:00,4064.67,-25.40,TRADE
QLD1,2024/04/13 10:10:00,4078.63,-25.40,TRADE
QLD1,2024/04/13 10:15:00,4129.63,-20.50,TRADE
QLD1,2024/04/13 10:20:00,4092,-20.50,TRADE
QLD1,2024/04/13 10:25:00,4148.41,-20.50,TRADE
QLD1,2024/04/13 10:30:00,4140.09,-20.50,TRADE
QLD1,2024/04/13 10:35:00,4129.56,-35,TRADE
QLD1,2024/04/13 10:40:00,4137.87,-25.40,TRADE
QLD1,2024/04/13 10:45:00,4211.39,-25.40,TRADE
QLD1,2024/04/13 10:50:00,4209.78,-20.50,TRADE
QLD1,2024/04/13 10:55:00,4262.1,-20.50,TRADE
QLD1,2024/04/13 11:00:00,4228.76,-20.50,TRADE
QLD1,2024/04/13 11:05:00,4171.31,-20.50,TRADE
QLD1,2024/04/13 11:10:00,4210.64,-20.50,TRADE
QLD1,2024/04/13 11:15:00,4208.22,-20.50,TRADE
QLD1,2024/04/13 11:20:00,4168.11,-20.50,TRADE
QLD1,2024/04/13 11:25:00,4176.29,-20.50,TRADE
QLD1,2024/04/13 11:30:00,4169.91,-10.80,TRADE
QLD1,2024/04/13 11:35:00,4193.06,-20.50,TRADE
QLD1,2024/04/13 11:40:00,4283.05,-20.50,TRADE
QLD1,2024/04/13 11:45:00,4329.12,-20.50,TRADE
QLD1,2024/04/13 11:50:00,4314.54,-11.98,TRADE
QLD1,2024/04/13 11:55:00,4297,-25.40,TRADE
QLD1,2024/04/13 12:00:00,4293.04,-25.40,TRADE
QLD1,2024/04/13 12:05:00,4273.3,-20.50,TRADE
QLD1,2024/04/13 12:10:00,4349.3,-20.50,TRADE
QLD1,2024/04/13 12:15:00,4282.51,-20.50,TRADE
QLD1,2024/04/13 12:20:00,4317.91,-20.50,TRADE
QLD1,2024/04/13 12:25:00,4372.48,-10.80,TRADE
QLD1,2024/04/13 12:30:00,4423.6,-20.50,TRADE
QLD1,2024/04/13 12:35:00,4387.15,-20.50,TRADE
QLD1,2024/04/13 12:40:00,4460.97,-10.80,TRADE
QLD1,2024/04/13 12:45:00,4508.53,-5,TRADE
QLD1,2024/04/13 12:50:00,4514.07,-20.50,TRADE
QLD1,2024/04/13 12:55:00,4640.21,-10,TRADE
QLD1,2024/04/13 13:00:00,4634.96,-10,TRADE
QLD1,2024/04/13 13:05:00,4628.54,2.70,TRADE
QLD1,2024/04/13 13:10:00,4633,8.57,TRADE
QLD1,2024/04/13 13:15:00,4639.43,17.40,TRADE
QLD1,2024/04/13 13:20:00,4641.32,17.16,TRADE
QLD1,2024/04/13 13:25:00,4617.04,17.96,TRADE
QLD1,2024/04/13 13:30:00,4629.7,-8.17,TRADE
QLD1,2024/04/13 13:35:00,4596.94,17.37,TRADE
QLD1,2024/04/13 13:40:00,4642.16,19.62,TRADE
QLD1,2024/04/13 13:45:00,4697.87,0,TRADE
QLD1,2024/04/13 13:50:00,4745.87,8.96,TRADE
QLD1,2024/04/13 13:55:00,4720.09,18.14,TRADE
QLD1,2024/04/13 14:00:00,4779.33,38.55,TRADE
QLD1,2024/04/13 14:05:00,4800.07,34.75,TRADE
QLD1,2024/04/13 14:10:00,4892.75,38.55,TRADE
QLD1,2024/04/13 14:15:00,4920.64,51.39,TRADE
QLD1,2024/04/13 14:20:00,4998.7,38.55,TRADE
QLD1,2024/04/13 14:25:00,5104.57,61.73,TRADE
QLD1,2024/04/13 14:30:00,5077.83,48.75,TRADE
QLD1,2024/04/13 14:35:00,5114.62,-10.80,TRADE
QLD1,2024/04/13 14:40:00,5196.14,8.52,TRADE
QLD1,2024/04/13 14:45:00,5156.04,38.55,TRADE
QLD1,2024/04/13 14:50:00,5239.97,38.55,TRADE
QLD1,2024/04/13 14:55:00,5272.15,38.55,TRADE
QLD1,2024/04/13 15:00:00,5322.25,24.85,TRADE
QLD1,2024/04/13 15:05:00,5403.73,19.45,TRADE
QLD1,2024/04/13 15:10:00,5460,23.31,TRADE
QLD1,2024/04/13 15:15:00,5590.72,23.67,TRADE
QLD1,2024/04/13 15:20:00,5764.3,38.55,TRADE
QLD1,2024/04/13 15:25:00,5810.53,42.41,TRADE
QLD1,2024/04/13 15:30:00,5864.49,49.22,TRADE
QLD1,2024/04/13 15:35:00,5898.1,48.55,TRADE
QLD1,2024/04/13 15:40:00,5887.68,46.48,TRADE
QLD1,2024/04/13 15:45:00,5994.74,38.55,TRADE
QLD1,2024/04/13 15:50:00,6021.6,48.55,TRADE
QLD1,2024/04/13 15:55:00,6119.05,56.28,TRADE
QLD1,2024/04/13 16:00:00,6173.79,55.56,TRADE
QLD1,2024/04/13 16:05:00,6292.31,59.73,TRADE
QLD1,2024/04/13 16:10:00,6331.73,59.75,TRADE
QLD1,2024/04/13 16:15:00,6366.63,60.08,TRADE
QLD1,2024/04/13 16:20:00,6484.62,86.05,TRADE
QLD1,2024/04/13 16:25:00,6571.02,93.93,TRADE
QLD1,2024/04/13 16:30:00,6612.52,111.85,TRADE
QLD1,2024/04/13 16:35:00,6681.01,63.86,TRADE
QLD1,2024/04/13 16:40:00,6694.87,62.73,TRADE
QLD1,2024/04/13 16:45:00,6795.3,80.72,TRADE
QLD1,2024/04/13 16:50:00,6890.2,133.32,TRADE
QLD1,2024/04/13 16:55:00,6964.81,261.55,TRADE
QLD1,2024/04/13 17:00:00,7008.93,177.42,TRADE
QLD1,2024/04/13 17:05:00,6981.09,276.98,TRADE
QLD1,2024/04/13 17:10:00,7019.91,186.36,TRADE
QLD1,2024/04/13 17:15:00,7054.16,268.75,TRADE
QLD1,2024/04/13 17:20:00,7042.54,290.18,TRADE
QLD1,2024/04/13 17:25:00,7146.81,285.75,TRADE
QLD1,2024/04/13 17:30:00,7179.18,283,TRADE
QLD1,2024/04/13 17:35:00,7226.52,285.30,TRADE
QLD1,2024/04/13 17:40:00,7077.42,280.04,TRADE
QLD1,2024/04/13 17:45:00,7100.89,261.01,TRADE
QLD1,2024/04/13 17:50:00,7139.26,261.01,TRADE
QLD1,2024/04/13 17:55:00,7272.36,279.15,TRADE
QLD1,2024/04/13 18:00:00,7298.46,277.59,TRADE
QLD1,2024/04/13 18:05:00,7237.56,190.49,TRADE
QLD1,2024/04/13 18:10:00,7273.25,190.49,TRADE
QLD1,2024/04/13 18:15:00,7297.12,250.48,TRADE
QLD1,2024/04/13 18:20:00,7309.23,241.40,TRADE
QLD1,2024/04/13 18:25:00,7318.56,190.49,TRADE
QLD1,2024/04/13 18:30:00,7240.83,196.63,TRADE
QLD1,2024/04/13 18:35:00,7311.66,178.13,TRADE
QLD1,2024/04/13 18:40:00,7280.42,181.02,TRADE
QLD1,2024/04/13 18:45:00,7222.5,169.46,TRADE
QLD1,2024/04/13 18:50:00,7251.12,168.96,TRADE
QLD1,2024/04/13 18:55:00,7215.07,138.99,TRADE
QLD1,2024/04/13 19:00:00,7166.69,138.99,TRADE
QLD1,2024/04/13 19:05:00,7123.47,138.99,TRADE
QLD1,2024/04/13 19:10:00,7171.58,165.76,TRADE
QLD1,2024/04/13 19:15:00,7150.01,155.33,TRADE
QLD1,2024/04/13 19:20:00,7060.54,150.31,TRADE
QLD1,2024/04/13 19:25:00,6997.48,128.90,TRADE
QLD1,2024/04/13 19:30:00,6942.86,126.42,TRADE
QLD1,2024/04/13 19:35:00,7022.48,128.33,TRADE
QLD1,2024/04/13 19:40:00,6927.88,127.30,TRADE
QLD1,2024/04/13 19:45:00,7004.07,126.64,TRADE
QLD1,2024/04/13 19:50:00,6993.62,126.31,TRADE
QLD1,2024/04/13 19:55:00,6974.93,127.22,TRADE
QLD1,2024/04/13 20:00:00,7012.45,128.43,TRADE
QLD1,2024/04/13 20:05:00,6947.54,128.32,TRADE
QLD1,2024/04/13 20:10:00,6930.62,126.55,TRADE
QLD1,2024/04/13 20:15:00,6895.71,115.75,TRADE
QLD1,2024/04/13 20:20:00,6862.09,111.79,TRADE
QLD1,2024/04/13 20:25:00,6865.99,112.39,TRADE
QLD1,2024/04/13 20:30:00,6821.72,99.32,TRADE
QLD1,2024/04/13 20:35:00,6870.87,111.92,TRADE
QLD1,2024/04/13 20:40:00,6772.93,109.75,TRADE
QLD1,2024/04/13 20:45:00,6728.06,120.83,TRADE
QLD1,2024/04/13 20:50:00,6759.49,120.50,TRADE
QLD1,2024/04/13 20:55:00,6740.76,120.69,TRADE
QLD1,2024/04/13 21:00:00,6716.14,123.80,TRADE
QLD1,2024/04/13 21:05:00,6638.52,121.91,TRADE
QLD1,2024/04/13 21:10:00,6636.15,122.94,TRADE
QLD1,2024/04/13 21:15:00,6597.02,122.83,TRADE
QLD1,2024/04/13 21:20:00,6542.42,121.11,TRADE
QLD1,2024/04/13 21:25:00,6538.4,120.31,TRADE
QLD1,2024/04/13 21:30:00,6467.44,98.50,TRADE
QLD1,2024/04/13 21:35:00,6484.83,119.26,TRADE
QLD1,2024/04/13 21:40:00,6433.56,118.44,TRADE
QLD1,2024/04/13 21:45:00,6444.5,119.99,TRADE
QLD1,2024/04/13 21:50:00,6364.34,118.29,TRADE
QLD1,2024/04/13 21:55:00,6341.07,108.32,TRADE
QLD1,2024/04/13 22:00:00,6335.92,94.34,TRADE
QLD1,2024/04/13 22:05:00,6301.37,120.44,TRADE
QLD1,2024/04/13 22:10:00,6342.4,145.63,TRADE
QLD1,2024/04/13 22:15:00,6323.36,129.37,TRADE
QLD1,2024/04/13 22:20:00,6255.64,126.46,TRADE
QLD1,2024/04/13 22:25:00,6211.15,122.77,TRADE
QLD1,2024/04/13 22:30:00,6244.33,128.80,TRADE
QLD1,2024/04/13 22:35:00,6182.1,126.73,TRADE
QLD1,2024/04/13 22:40:00,6184.61,125.77,TRADE
QLD1,2024/04/13 22:45:00,6151.74,121.76,TRADE
QLD1,2024/04/13 22:50:00,6194.91,125.67,TRADE
QLD1,2024/04/13 22:55:00,6144.9,124.19,TRADE
QLD1,2024/04/13 23:00:00,6111.39,124.66,TRADE
QLD1,2024/04/13 23:05:00,6056.24,100.55,TRADE
QLD1,2024/04/13 23:10:00,6055.33,138.99,TRADE
QLD1,2024/04/13 23:15:00,6057.57,138.99,TRADE
QLD1,2024/04/13 23:20:00,6043.72,126.54,TRADE
QLD1,2024/04/13 23:25:00,5985.29,118.08,TRADE
QLD1,2024/04/13 23:30:00,5882.19,117.16,TRADE
QLD1,2024/04/13 23:35:00,5844.72,100.55,TRADE
QLD1,2024/04/13 23:40:00,5937.38,190.74,TRADE
QLD1,2024/04/13 23:45:00,5890.76,108.65,TRADE
QLD1,2024/04/13 23:50:00,5892.55,114.86,TRADE
QLD1,2024/04/13 23:55:00,5795.19,114.82,TRADE
QLD1,2024/04/14 00:00:00,5842.63,100.55,TRADE
QLD1,2024/04/14 00:05:00,5793.52,138.97,TRADE
QLD1,2024/04/14 00:10:00,5821.79,100.55,TRADE
QLD1,2024/04/14 00:15:00,5798.92,99.42,TRADE
QLD1,2024/04/14 00:20:00,5681.96,91.47,TRADE
QLD1,2024/04/14 00:25:00,5705.66,92.10,TRADE
QLD1,2024/04/14 00:30:00,5653.94,91.25,TRADE
QLD1,2024/04/14 00:35:00,5656.89,98.53,TRADE
QLD1,2024/04/14 00:40:00,5569.51,138.99,TRADE
QLD1,2024/04/14 00:45:00,5596.88,93.91,TRADE
QLD1,2024/04/14 00:50:00,5610.28,100.55,TRADE
QLD1,2024/04/14 00:55:00,5594.28,100.55,TRADE
QLD1,2024/04/14 01:00:00,5539.46,94.97,TRADE
QLD1,2024/04/14 01:05:00,5521.35,95.66,TRADE
QLD1,2024/04/14 01:10:00,5535.64,95.33,TRADE
QLD1,2024/04/14 01:15:00,5498.78,100.55,TRADE
QLD1,2024/04/14 01:20:00,5582.68,85.75,TRADE
QLD1,2024/04/14 01:25:00,5464.67,85.75,TRADE
QLD1,2024/04/14 01:30:00,5509.15,85.75,TRADE
QLD1,2024/04/14 01:35:00,5476.81,87.34,TRADE
QLD1,2024/04/14 01:40:00,5522.6,94.30,TRADE
QLD1,2024/04/14 01:45:00,5502.46,100.55,TRADE
QLD1,2024/04/14 01:50:00,5475.87,95.49,TRADE
QLD1,2024/04/14 01:55:00,5520.28,97.06,TRADE
QLD1,2024/04/14 02:00:00,5415.53,91.65,TRADE
QLD1,2024/04/14 02:05:00,5402.59,85.75,TRADE
QLD1,2024/04/14 02:10:00,5442.18,96.89,TRADE
QLD1,2024/04/14 02:15:00,5425.16,96.59,TRADE
QLD1,2024/04/14 02:20:00,5423.59,85.75,TRADE
QLD1,2024/04/14 02:25:00,5414.13,85.75,TRADE
QLD1,2024/04/14 02:30:00,5359.44,85.75,TRADE
QLD1,2024/04/14 02:35:00,5439.07,100.55,TRADE
QLD1,2024/04/14 02:40:00,5404.07,96.38,TRADE
QLD1,2024/04/14 02:45:00,5396.53,96.37,TRADE
QLD1,2024/04/14 02:50:00,5406.84,96.35,TRADE
QLD1,2024/04/14 02:55:00,5432.28,100.55,TRADE
QLD1,2024/04/14 03:00:00,5410.18,96.67,TRADE
QLD1,2024/04/14 03:05:00,5412.09,96.39,TRADE
QLD1,2024/04/14 03:10:00,5386.76,95.75,TRADE
QLD1,2024/04/14 03:15:00,5411.47,96.65,TRADE
QLD1,2024/04/14 03:20:00,5391.58,96.39,TRADE
QLD1,2024/04/14 03:25:00,5387.87,85.55,TRADE
QLD1,2024/04/14 03:30:00,5386,85.75,TRADE
QLD1,2024/04/14 03:35:00,5426.43,85.75,TRADE
QLD1,2024/04/14 03:40:00,5446.12,94.20,TRADE
QLD1,2024/04/14 03:45:00,5398.47,96.89,TRADE
QLD1,2024/04/14 03:50:00,5377.99,96.23,TRADE
QLD1,2024/04/14 03:55:00,5384.02,96.88,TRADE
QLD1,2024/04/14 04:00:00,5376.59,92.17,TRADE
QLD1,2024/04/14 04:05:00,5419.23,100.12,TRADE
QLD1,2024/04/14 04:10:00,5423.25,100.55,TRADE
QLD1,2024/04/14 04:15:00,5374.85,96.25,TRADE
QLD1,2024/04/14 04:20:00,5395.95,97.09,TRADE
QLD1,2024/04/14 04:25:00,5441.33,100.55,TRADE
QLD1,2024/04/14 04:30:00,5348.81,96.18,TRADE
QLD1,2024/04/14 04:35:00,5388.63,85.75,TRADE
QLD1,2024/04/14 04:40:00,5374.95,95.55,TRADE
QLD1,2024/04/14 04:45:00,5405.07,96.29,TRADE
QLD1,2024/04/14 04:50:00,5375.96,94.98,TRADE
QLD1,2024/04/14 04:55:00,5366.1,94.95,TRADE
QLD1,2024/04/14 05:00:00,5438.28,100.55,TRADE
QLD1,2024/04/14 05:05:00,5437.87,99.38,TRADE
QLD1,2024/04/14 05:10:00,5450.29,100.08,TRADE
QLD1,2024/04/14 05:15:00,5483.91,100.33,TRADE
QLD1,2024/04/14 05:20:00,5382.15,98.15,TRADE
QLD1,2024/04/14 05:25:00,5411.02,100.55,TRADE
QLD1,2024/04/14 05:30:00,5434.14,98.68,TRADE
QLD1,2024/04/14 05:35:00,5453.58,62.73,TRADE
QLD1,2024/04/14 05:40:00,5467.03,85.55,TRADE
QLD1,2024/04/14 05:45:00,5468.4,62.36,TRADE
QLD1,2024/04/14 05:50:00,5417.73,72.48,TRADE
QLD1,2024/04/14 05:55:00,5468.43,85.55,TRADE
QLD1,2024/04/14 06:00:00,5438.27,85.55,TRADE
QLD1,2024/04/14 06:05:00,5419.9,104.39,TRADE
QLD1,2024/04/14 06:10:00,5525.65,101.76,TRADE
QLD1,2024/04/14 06:15:00,5612.4,100.55,TRADE
QLD1,2024/04/14 06:20:00,5572.92,103,TRADE
QLD1,2024/04/14 06:25:00,5535.98,100.55,TRADE
QLD1,2024/04/14 06:30:00,5557.34,100.55,TRADE
QLD1,2024/04/14 06:35:00,5536.71,138.99,TRADE
QLD1,2024/04/14 06:40:00,5521.14,100.55,TRADE
QLD1,2024/04/14 06:45:00,5466.23,85.55,TRADE
QLD1,2024/04/14 06:50:00,5407.3,59.75,TRADE
QLD1,2024/04/14 06:55:00,5332.19,48.75,TRADE
QLD1,2024/04/14 07:00:00,5404.13,48.55,TRADE
QLD1,2024/04/14 07:05:00,5297.78,51.44,TRADE
QLD1,2024/04/14 07:10:00,5226.37,32.88,TRADE
QLD1,2024/04/14 07:15:00,5198.54,38.55,TRADE
QLD1,2024/04/14 07:20:00,5128.63,38.75,TRADE
QLD1,2024/04/14 07:25:00,5152.89,29.29,TRADE
QLD1,2024/04/14 07:30:00,5097.37,-0.10,TRADE
QLD1,2024/04/14 07:35:00,5017.32,-20.50,TRADE
QLD1,2024/04/14 07:40:00,4953.36,-35,TRADE
QLD1,2024/04/14 07:45:00,4879.94,-35,TRADE
QLD1,2024/04/14 07:50:00,4918.84,-25.40,TRADE
QLD1,2024/04/14 07:55:00,4785.51,-37.29,TRADE
QLD1,2024/04/14 08:00:00,4859.4,-37.36,TRADE
QLD1,2024/04/14 08:05:00,4755.01,-37.65,TRADE
QLD1,2024/04/14 08:10:00,4728.1,-35.82,TRADE
QLD1,2024/04/14 08:15:00,4713.62,-25.40,TRADE
QLD1,2024/04/14 08:20:00,4693.3,-25.40,TRADE
QLD1,2024/04/14 08:25:00,4728.82,-25.40,TRADE
QLD1,2024/04/14 08:30:00,4620.56,-35.82,TRADE
QLD1,2024/04/14 08:35:00,4474.5,-41.60,TRADE
QLD1,2024/04/14 08:40:00,4544.41,-41.60,TRADE
QLD1,2024/04/14 08:45:00,4425.25,-41.60,TRADE
QLD1,2024/04/14 08:50:00,4423.47,-41.60,TRADE
QLD1,2024/04/14 08:55:00,4349.69,-41.60,TRADE
QLD1,2024/04/14 09:00:00,4319.91,-39.51,TRADE
QLD1,2024/04/14 09:05:00,4267.42,-45.06,TRADE
QLD1,2024/04/14 09:10:00,4226.31,-45.06,TRADE
QLD1,2024/04/14 09:15:00,4277.03,-42.01,TRADE
QLD1,2024/04/14 09:20:00,4214.29,-45.06,TRADE
QLD1,2024/04/14 09:25:00,4238.38,-45.06,TRADE
QLD1,2024/04/14 09:30:00,4132.6,-45.01,TRADE
QLD1,2024/04/14 09:35:00,4165.62,-40.26,TRADE
QLD1,2024/04/14 09:40:00,4189.78,-44.67,TRADE
QLD1,2024/04/14 09:45:00,4204.27,-44.74,TRADE
QLD1,2024/04/14 09:50:00,4165.18,-36.57,TRADE
QLD1,2024/04/14 09:55:00,4187.62,-36.13,TRADE
QLD1,2024/04/14 10:00:00,4189.12,-41.57,TRADE
QLD1,2024/04/14 10:05:00,4195.47,-41.03,TRADE
QLD1,2024/04/14 10:10:00,4192.61,-44.20,TRADE
QLD1,2024/04/14 10:15:00,4110.54,-41.21,TRADE
QLD1,2024/04/14 10:20:00,4149.94,-40.60,TRADE
QLD1,2024/04/14 10:25:00,4104.89,-42.77,TRADE
QLD1,2024/04/14 10:30:00,4106.22,-44.43,TRADE
QLD1,2024/04/14 10:35:00,4069.91,-41.60,TRADE
QLD1,2024/04/14 10:40:00,4075.4,-43.02,TRADE
QLD1,2024/04/14 10:45:00,4046.51,-44.29,TRADE
QLD1,2024/04/14 10:50:00,4061.45,-41.60,TRADE
QLD1,2024/04/14 10:55:00,4071.76,-36.57,TRADE
QLD1,2024/04/14 11:00:00,4095.15,-36.57,TRADE
QLD1,2024/04/14 11:05:00,4017.34,-41.57,TRADE
QLD1,2024/04/14 11:10:00,4090.08,-41.27,TRADE
QLD1,2024/04/14 11:15:00,4103.68,-36.57,TRADE
QLD1,2024/04/14 11:20:00,4078.63,-35.82,TRADE
QLD1,2024/04/14 11:25:00,4130.89,-35.50,TRADE
QLD1,2024/04/14 11:30:00,4067.3,-35.01,TRADE
QLD1,2024/04/14 11:35:00,4028.21,-40.80,TRADE
QLD1,2024/04/14 11:40:00,4115.19,-41.04,TRADE
QLD1,2024/04/14 11:45:00,4206.34,-41.99,TRADE
QLD1,2024/04/14 11:50:00,4161.05,-44.82,TRADE
QLD1,2024/04/14 11:55:00,4190.69,-44.77,TRADE
QLD1,2024/04/14 12:00:00,4117.62,-41.84,TRADE
QLD1,2024/04/14 12:05:00,4141.73,-40.88,TRADE
QLD1,2024/04/14 12:10:00,4106.33,-43.63,TRADE
QLD1,2024/04/14 12:15:00,4176.61,-40.93,TRADE
QLD1,2024/04/14 12:20:00,4239.97,-41.13,TRADE
QLD1,2024/04/14 12:25:00,4225.35,-42.26,TRADE
QLD1,2024/04/14 12:30:00,4253.37,-41.60,TRADE
QLD1,2024/04/14 12:35:00,4303.98,-41.60,TRADE
QLD1,2024/04/14 12:40:00,4347.07,-25.40,TRADE
QLD1,2024/04/14 12:45:00,4351.48,-35,TRADE
QLD1,2024/04/14 12:50:00,4321.94,-35.82,TRADE
QLD1,2024/04/14 12:55:00,4292.89,-25.40,TRADE
QLD1,2024/04/14 13:00:00,4333.06,-35.82,TRADE
QLD1,2024/04/14 13:05:00,4411.84,-20.50,TRADE
QLD1,2024/04/14 13:10:00,4332.95,-25.40,TRADE
QLD1,2024/04/14 13:15:00,4350.3,-25.40,TRADE
QLD1,2024/04/14 13:20:00,4331.54,-25.40,TRADE
QLD1,2024/04/14 13:25:00,4427.91,-20.50,TRADE
QLD1,2024/04/14 13:30:00,4358.44,-20.50,TRADE
QLD1,2024/04/14 13:35:00,4421.04,-20.50,TRADE
QLD1,2024/04/14 13:40:00,4459.28,-20.50,TRADE
QLD1,2024/04/14 13:45:00,4511.7,-20.50,TRADE
QLD1,2024/04/14 13:50:00,4566.32,-20.50,TRADE
QLD1,2024/04/14 13:55:00,4606.67,-10,TRADE
QLD1,2024/04/14 14:00:00,4631.61,-10.80,TRADE
QLD1,2024/04/14 14:05:00,4649.4,-10,TRADE
QLD1,2024/04/14 14:10:00,4771.85,-8.07,TRADE
QLD1,2024/04/14 14:15:00,4847.98,-13.13,TRADE
QLD1,2024/04/14 14:20:00,4850.24,4.90,TRADE
QLD1,2024/04/14 14:25:00,4958.29,7.46,TRADE
QLD1,2024/04/14 14:30:00,4997.38,22.45,TRADE
QLD1,2024/04/14 14:35:00,5117.95,-10,TRADE
QLD1,2024/04/14 14:40:00,5065.75,21.80,TRADE
QLD1,2024/04/14 14:45:00,5223.34,61.73,TRADE
QLD1,2024/04/14 14:50:00,5266.42,49.29,TRADE
QLD1,2024/04/14 14:55:00,5327.24,0.02,TRADE
QLD1,2024/04/14 15:00:00,5408.8,35.01,TRADE
QLD1,2024/04/14 15:05:00,5409.88,34.75,TRADE
QLD1,2024/04/14 15:10:00,5445.73,0.61,TRADE
QLD1,2024/04/14 15:15:00,5581.57,17.32,TRADE
QLD1,2024/04/14 15:20:00,5670.02,8.16,TRADE
QLD1,2024/04/14 15:25:00,5707.71,17.58,TRADE
QLD1,2024/04/14 15:30:00,5790.49,52.82,TRADE
QLD1,2024/04/14 15:35:00,5891.19,23.95,TRADE
QLD1,2024/04/14 15:40:00,5972.25,23.58,TRADE
QLD1,2024/04/14 15:45:00,6049.66,38.55,TRADE
QLD1,2024/04/14 15:50:00,6126.91,58.08,TRADE
QLD1,2024/04/14 15:55:00,6149.5,38.75,TRADE
QLD1,2024/04/14 16:00:00,6309.23,48.75,TRADE
QLD1,2024/04/14 16:05:00,6405.02,56.77,TRADE
QLD1,2024/04/14 16:10:00,6516.9,59.55,TRADE
QLD1,2024/04/14 16:15:00,6588.81,62.73,TRADE
QLD1,2024/04/14 16:20:00,6608.12,62.73,TRADE
QLD1,2024/04/14 16:25:00,6693.87,85.68,TRADE
QLD1,2024/04/14 16:30:00,6815.51,126.21,TRADE
QLD1,2024/04/14 16:35:00,6840.8,112.86,TRADE
QLD1,2024/04/14 16:40:00,6947.91,131.03,TRADE
QLD1,2024/04/14 16:45:00,7081.52,261.55,TRADE
QLD1,2024/04/14 16:50:00,7138.07,285.75,TRADE
QLD1,2024/04/14 16:55:00,7069.46,137.72,TRADE
QLD1,2024/04/14 17:00:00,7148.55,133.71,TRADE
QLD1,2024/04/14 17:05:00,7260.03,145.63,TRADE
QLD1,2024/04/14 17:10:00,7269.52,263.01,TRADE
QLD1,2024/04/14 17:15:00,7267.6,196.63,TRADE
QLD1,2024/04/14 17:20:00,7333.95,284.46,TRADE
QLD1,2024/04/14 17:25:00,7376.07,263.95,TRADE
QLD1,2024/04/14 17:30:00,7424.23,288.91,TRADE
QLD1,2024/04/14 17:35:00,7458.75,296.25,TRADE
QLD1,2024/04/14 17:40:00,7473.68,285.75,TRADE
QLD1,2024/04/14 17:45:00,7469.46,271.70,TRADE
QLD1,2024/04/14 17:50:00,7473.15,291.50,TRADE
QLD1,2024/04/14 17:55:00,7531.14,293.69,TRADE
QLD1,2024/04/14 18:00:00,7513.88,290.28,TRADE
QLD1,2024/04/14 18:05:00,7564.87,289.39,TRADE
QLD1,2024/04/14 18:10:00,7498.13,285.75,TRADE
QLD1,2024/04/14 18:15:00,7563.63,277.67,TRADE
QLD1,2024/04/14 18:20:00,7531.71,268.74,TRADE
QLD1,2024/04/14 18:25:00,7522.14,221.40,TRADE
QLD1,2024/04/14 18:30:00,7548.98,276.98,TRADE
QLD1,2024/04/14 18:35:00,7541.37,245.97,TRADE
QLD1,2024/04/14 18:40:00,7539.46,285.75,TRADE
QLD1,2024/04/14 18:45:00,7506.88,251.10,TRADE
QLD1,2024/04/14 18:50:00,7495.6,190.67,TRADE
QLD1,2024/04/14 18:55:00,7435.58,190.49,TRADE
QLD1,2024/04/14 19:00:00,7328.72,175.55,TRADE
QLD1,2024/04/14 19:05:00,7371.85,278.02,TRADE
QLD1,2024/04/14 19:10:00,7341.99,244.90,TRADE
QLD1,2024/04/14 19:15:00,7366.21,179.69,TRADE
QLD1,2024/04/14 19:20:00,7246.98,162.97,TRADE
QLD1,2024/04/14 19:25:00,7204.65,163.86,TRADE
QLD1,2024/04/14 19:30:00,7264.04,166.77,TRADE
QLD1,2024/04/14 19:35:00,7166.67,126.21,TRADE
QLD1,2024/04/14 19:40:00,7152.93,102.13,TRADE
QLD1,2024/04/14 19:45:00,7156.07,126.08,TRADE
QLD1,2024/04/14 19:50:00,7131.09,138.97,TRADE
QLD1,2024/04/14 19:55:00,7157.88,145.20,TRADE
QLD1,2024/04/14 20:00:00,7127.85,124.98,TRADE
QLD1,2024/04/14 20:05:00,7144.76,168.81,TRADE
QLD1,2024/04/14 20:10:00,7137.04,263.01,TRADE
QLD1,2024/04/14 20:15:00,7124.46,259.63,TRADE
QLD1,2024/04/14 20:20:00,7017.82,253.80,TRADE
QLD1,2024/04/14 20:25:00,6992.57,190.49,TRADE
QLD1,2024/04/14 20:30:00,6990.41,237.72,TRADE
QLD1,2024/04/14 20:35:00,6935.6,229.86,TRADE
QLD1,2024/04/14 20:40:00,6939.02,261.55,TRADE
QLD1,2024/04/14 20:45:00,6907.72,261.55,TRADE
QLD1,2024/04/14 20:50:00,6905.69,270.73,TRADE
QLD1,2024/04/14 20:55:00,6861.82,231.55,TRADE
QLD1,2024/04/14 21:00:00,6826.81,248.14,TRADE
QLD1,2024/04/14 21:05:00,6812.6,263.01,TRADE
QLD1,2024/04/14 21:10:00,6842.57,272.45,TRADE
QLD1,2024/04/14 21:15:00,6750.03,263.01,TRADE
QLD1,2024/04/14 21:20:00,6693.86,255.39,TRADE
QLD1,2024/04/14 21:25:00,6631.89,115.75,TRADE
QLD1,2024/04/14 21:30:00,6624.84,138.97,TRADE
QLD1,2024/04/14 21:35:00,6581.47,103.26,TRADE
QLD1,2024/04/14 21:40:00,6491.78,240.91,TRADE
QLD1,2024/04/14 21:45:00,6527.7,98.50,TRADE
QLD1,2024/04/14 21:50:00,6511.26,99.42,TRADE
QLD1,2024/04/14 21:55:00,6481.32,99.32,TRADE
QLD1,2024/04/14 22:00:00,6378.91,97.75,TRADE
QLD1,2024/04/14 22:05:00,6332.97,113.50,TRADE
QLD1,2024/04/14 22:10:00,6392.72,145.20,TRADE
QLD1,2024/04/14 22:15:00,6507.01,192.76,TRADE
QLD1,2024/04/14 22:20:00,6320.26,145.20,TRADE
QLD1,2024/04/14 22:25:00,6344.84,190.49,TRADE
QLD1,2024/04/14 22:30:00,6292.51,153.29,TRADE
QLD1,2024/04/14 22:35:00,6212.23,155.23,TRADE
QLD1,2024/04/14 22:40:00,6192.58,153.28,TRADE
QLD1,2024/04/14 22:45:00,6225.78,207.42,TRADE
QLD1,2024/04/14 22:50:00,6217.35,205.63,TRADE
QLD1,2024/04/14 22:55:00,6117.68,100.55,TRADE
QLD1,2024/04/14 23:00:00,6060.85,119.11,TRADE
QLD1,2024/04/14 23:05:00,6021.61,101.21,TRADE
QLD1,2024/04/14 23:10:00,6082.74,162.54,TRADE
QLD1,2024/04/14 23:15:00,6052.25,190.49,TRADE
QLD1,2024/04/14 23:20:00,6015.99,138.97,TRADE
QLD1,2024/04/14 23:25:00,5950.23,138.97,TRADE
QLD1,2024/04/14 23:30:00,5965.69,138.97,TRADE
QLD1,2024/04/14 23:35:00,5854.39,100.55,TRADE
QLD1,2024/04/14 23:40:00,5869.18,219.15,TRADE
QLD1,2024/04/14 23:45:00,5887.62,118.63,TRADE
QLD1,2024/04/14 23:50:00,5789.7,95.85,TRADE
QLD1,2024/04/14 23:55:00,5793.35,100.55,TRADE
QLD1,2024/04/15 00:00:00,5819.58,138.97,TRADE
QLD1,2024/04/15 00:05:00,5752.12,100.55,TRADE
QLD1,2024/04/15 00:10:00,5758.62,115.73,TRADE
QLD1,2024/04/15 00:15:00,5772.41,119.60,TRADE
QLD1,2024/04/15 00:20:00,5743.64,119.03,TRADE
QLD1,2024/04/15 00:25:00,5681.41,97.23,TRADE
QLD1,2024/04/15 00:30:00,5733.33,99.50,TRADE
QLD1,2024/04/15 00:35:00,5705.18,100.55,TRADE
QLD1,2024/04/15 00:40:00,5653,100.55,TRADE
QLD1,2024/04/15 00:45:00,5622.56,100.55,TRADE
QLD1,2024/04/15 00:50:00,5671.38,85.75,TRADE
QLD1,2024/04/15 00:55:00,5593.18,100.55,TRADE
QLD1,2024/04/15 01:00:00,5587.4,100.55,TRADE
QLD1,2024/04/15 01:05:00,5580.3,190.30,TRADE
QLD1,2024/04/15 01:10:00,5556.34,116.78,TRADE
QLD1,2024/04/15 01:15:00,5599.03,117.52,TRADE
QLD1,2024/04/15 01:20:00,5536.39,100.55,TRADE
QLD1,2024/04/15 01:25:00,5574.31,100.55,TRADE
QLD1,2024/04/15 01:30:00,5546.08,100.55,TRADE
QLD1,2024/04/15 01:35:00,5519.72,100.55,TRADE
QLD1,2024/04/15 01:40:00,5572.56,208.05,TRADE
QLD1,2024/04/15 01:45:00,5559.89,100.55,TRADE
QLD1,2024/04/15 01:50:00,5482.96,100.55,TRADE
QLD1,2024/04/15 01:55:00,5557.28,101.33,TRADE
QLD1,2024/04/15 02:00:00,5524.24,93.04,TRADE
QLD1,2024/04/15 02:05:00,5544.71,100.55,TRADE
QLD1,2024/04/15 02:10:00,5518.95,100.55,TRADE
QLD1,2024/04/15 02:15:00,5448.47,100.55,TRADE
QLD1,2024/04/15 02:20:00,5460.4,97.20,TRADE
QLD1,2024/04/15 02:25:00,5479.19,100.55,TRADE
QLD1,2024/04/15 02:30:00,5516.28,85.75,TRADE
QLD1,2024/04/15 02:35:00,5469.98,85.75,TRADE
QLD1,2024/04/15 02:40:00,5465.57,100.55,TRADE
QLD1,2024/04/15 02:45:00,5475.36,100.55,TRADE
QLD1,2024/04/15 02:50:00,5458.96,100.55,TRADE
QLD1,2024/04/15 02:55:00,5487.9,101.97,TRADE
QLD1,2024/04/15 03:00:00,5503.58,99.42,TRADE
QLD1,2024/04/15 03:05:00,5482.62,105.92,TRADE
QLD1,2024/04/15 03:10:00,5468.25,100.55,TRADE
QLD1,2024/04/15 03:15:00,5485.13,100.55,TRADE
QLD1,2024/04/15 03:20:00,5502.82,138.10,TRADE
QLD1,2024/04/15 03:25:00,5496.08,137.79,TRADE
QLD1,2024/04/15 03:30:00,5493.29,101.79,TRADE
QLD1,2024/04/15 03:35:00,5531.79,100.55,TRADE
QLD1,2024/04/15 03:40:00,5506.07,100.55,TRADE
QLD1,2024/04/15 03:45:00,5417.54,95.73,TRADE
QLD1,2024/04/15 03:50:00,5435.09,101.67,TRADE
QLD1,2024/04/15 03:55:00,5488.54,111.45,TRADE
QLD1,2024/04/15 04:00:00,5512.54,100.65,TRADE
QLD1,2024/04/15 04:05:00,5484.28,99.42,TRADE
QLD1,2024/04/15 04:10:00,5549.18,100.55,TRADE
QLD1,2024/04/15 04:15:00,5553.24,103.07,TRADE
QLD1,2024/04/15 04:20:00,5617.75,100.55,TRADE
QLD1,2024/04/15 04:25:00,5559.41,100.55,TRADE
QLD1,2024/04/15 04:30:00,5624.8,100.55,TRADE
QLD1,2024/04/15 04:35:00,5645.65,102.73,TRADE
QLD1,2024/04/15 04:40:00,5667.48,105.44,TRADE
QLD1,2024/04/15 04:45:00,5687.71,100.55,TRADE
QLD1,2024/04/15 04:50:00,5643.98,100.55,TRADE
QLD1,2024/04/15 04:55:00,5687.24,100.55,TRADE
QLD1,2024/04/15 05:00:00,5725.89,120.01,TRADE
QLD1,2024/04/15 05:05:00,5799.56,94.96,TRADE
QLD1,2024/04/15 05:10:00,5816.89,119.47,TRADE
QLD1,2024/04/15 05:15:00,5843.36,119.44,TRADE
QLD1,2024/04/15 05:20:00,5853.49,155.28,TRADE
QLD1,2024/04/15 05:25:00,5819.14,118.74,TRADE
QLD1,2024/04/15 05:30:00,5936.56,231.78,TRADE
QLD1,2024/04/15 05:35:00,5975.14,210.69,TRADE
QLD1,2024/04/15 05:40:00,5953.44,228.53,TRADE
QLD1,2024/04/15 05:45:00,5948.83,121.48,TRADE
QLD1,2024/04/15 05:50:00,5973.01,152.04,TRADE
QLD1,2024/04/15 05:55:00,6031.16,254.83,TRADE
QLD1,2024/04/15 06:00:00,6068.71,267.23,TRADE
QLD1,2024/04/15 06:05:00,6093.05,162.35,TRADE
QLD1,2024/04/15 06:10:00,6122.24,246.53,TRADE
QLD1,2024/04/15 06:15:00,6220.03,263.15,TRADE
QLD1,2024/04/15 06:20:00,6287.95,267.24,TRADE
QLD1,2024/04/15 06:25:00,6317.8,265.77,TRADE
QLD1,2024/04/15 06:30:00,6339.93,272.27,TRADE
QLD1,2024/04/15 06:35:00,6329.08,262.32,TRADE
QLD1,2024/04/15 06:40:00,6325.57,259.05,TRADE
QLD1,2024/04/15 06:45:00,6389.15,242.16,TRADE
QLD1,2024/04/15 06:50:00,6393.08,230.69,TRADE
QLD1,2024/04/15 06:55:00,6441.58,190.49,TRADE
QLD1,2024/04/15 07:00:00,6405.38,138.98,TRADE
QLD1,2024/04/15 07:05:00,6404.79,138.98,TRADE
QLD1,2024/04/15 07:10:00,6390.34,100.55,TRADE
QLD1,2024/04/15 07:15:00,6316.33,68.09,TRADE
QLD1,2024/04/15 07:20:00,6325.49,18.84,TRADE
QLD1,2024/04/15 07:25:00,6260.78,59.75,TRADE
QLD1,2024/04/15 07:30:00,6170.02,33.81,TRADE
QLD1,2024/04/15 07:35:00,6130.93,48.55,TRADE
QLD1,2024/04/15 07:40:00,6061.75,38.75,TRADE
QLD1,2024/04/15 07:45:00,6020.32,30.38,TRADE
QLD1,2024/04/15 07:50:00,5968.68,34.90,TRADE
QLD1,2024/04/15 07:55:00,5871.52,18.84,TRADE
QLD1,2024/04/15 08:00:00,5757.67,18.84,TRADE
QLD1,2024/04/15 08:05:00,5735.29,34.75,TRADE
QLD1,2024/04/15 08:10:00,5643.4,38.55,TRADE
QLD1,2024/04/15 08:15:00,5594.24,34.75,TRADE
QLD1,2024/04/15 08:20:00,5567.76,34.75,TRADE
QLD1,2024/04/15 08:25:00,5565.04,38.55,TRADE
QLD1,2024/04/15 08:30:00,5412.1,34.75,TRADE
QLD1,2024/04/15 08:35:00,5370.59,34.75,TRADE
QLD1,2024/04/15 08:40:00,5413.46,83.56,TRADE
QLD1,2024/04/15 08:45:00,5273.97,38.75,TRADE
QLD1,2024/04/15 08:50:00,5373.1,35.64,TRADE
QLD1,2024/04/15 08:55:00,5235.19,36.55,TRADE
QLD1,2024/04/15 09:00:00,5205.06,34.75,TRADE
QLD1,2024/04/15 09:05:00,5170.86,32.99,TRADE
QLD1,2024/04/15 09:10:00,5155.26,34.57,TRADE
QLD1,2024/04/15 09:15:00,5177.18,34.75,TRADE
QLD1,2024/04/15 09:20:00,5117.44,34.73,TRADE
QLD1,2024/04/15 09:25:00,5096.33,34.75,TRADE
QLD1,2024/04/15 09:30:00,5111.75,34.75,TRADE
QLD1,2024/04/15 09:35:00,5067.1,27,TRADE
QLD1,2024/04/15 09:40:00,5003.44,-10.80,TRADE
QLD1,2024/04/15 09:45:00,5034.49,5.30,TRADE
QLD1,2024/04/15 09:50:00,4973.33,-10.40,TRADE
QLD1,2024/04/15 09:55:00,4913.91,10.37,TRADE
QLD1,2024/04/15 10:00:00,4829.98,-20.50,TRADE
QLD1,2024/04/15 10:05:00,4849.34,-20.50,TRADE
QLD1,2024/04/15 10:10:00,4844.71,-10.80,TRADE
QLD1,2024/04/15 10:15:00,4862.49,-10.80,TRADE
QLD1,2024/04/15 10:20:00,4826.94,-10,TRADE
QLD1,2024/04/15 10:25:00,4840.96,25.98,TRADE
QLD1,2024/04/15 10:30:00,4807.85,-10.50,TRADE
QLD1,2024/04/15 10:35:00,4778.88,15.81,TRADE
QLD1,2024/04/15 10:40:00,4875.01,38.55,TRADE
QLD1,2024/04/15 10:45:00,5009.98,35.18,TRADE
QLD1,2024/04/15 10:50:00,4996.29,14.68,TRADE
QLD1,2024/04/15 10:55:00,4981.12,-10.40,TRADE
QLD1,2024/04/15 11:00:00,4873.25,15.70,TRADE
QLD1,2024/04/15 11:05:00,4866.65,-7.99,TRADE
QLD1,2024/04/15 11:10:00,4980.47,0.02,TRADE
QLD1,2024/04/15 11:15:00,4962.47,-8.07,TRADE
QLD1,2024/04/15 11:20:00,4998.35,-8.22,TRADE
QLD1,2024/04/15 11:25:00,5021.48,7.66,TRADE
QLD1,2024/04/15 11:30:00,4973.28,18.06,TRADE
QLD1,2024/04/15 11:35:00,4966.87,0.02,TRADE
QLD1,2024/04/15 11:40:00,5041.01,17.49,TRADE
QLD1,2024/04/15 11:45:00,5016.83,17.55,TRADE
QLD1,2024/04/15 11:50:00,5080.24,18.47,TRADE
QLD1,2024/04/15 11:55:00,5102.06,17.96,TRADE
QLD1,2024/04/15 12:00:00,5140.05,32.77,TRADE
QLD1,2024/04/15 12:05:00,5100.47,34.75,TRADE
QLD1,2024/04/15 12:10:00,5109.1,32.77,TRADE
QLD1,2024/04/15 12:15:00,5184.54,59.78,TRADE
QLD1,2024/04/15 12:20:00,5234.63,43.34,TRADE
QLD1,2024/04/15 12:25:00,5185.18,34.19,TRADE
QLD1,2024/04/15 12:30:00,5257.39,33.76,TRADE
QLD1,2024/04/15 12:35:00,5288.83,34.75,TRADE
QLD1,2024/04/15 12:40:00,5279.05,44.98,TRADE
QLD1,2024/04/15 12:45:00,5314.89,40.22,TRADE
QLD1,2024/04/15 12:50:00,5276.29,38.75,TRADE
QLD1,2024/04/15 12:55:00,5283.39,38.55,TRADE
QLD1,2024/04/15 13:00:00,5239.75,38.55,TRADE
QLD1,2024/04/15 13:05:00,5227.93,34.94,TRADE
QLD1,2024/04/15 13:10:00,5314.96,38.75,TRADE
QLD1,2024/04/15 13:15:00,5331.56,34.75,TRADE
QLD1,2024/04/15 13:20:00,5319.22,36.77,TRADE
QLD1,2024/04/15 13:25:00,5339.77,37.19,TRADE
QLD1,2024/04/15 13:30:00,5377.62,39.23,TRADE
QLD1,2024/04/15 13:35:00,5434.55,48.55,TRADE
QLD1,2024/04/15 13:40:00,5373.12,23.07,TRADE
QLD1,2024/04/15 13:45:00,5437.33,48.55,TRADE
QLD1,2024/04/15 13:50:00,5527.28,38.75,TRADE
QLD1,2024/04/15 13:55:00,5567.95,48.55,TRADE
QLD1,2024/04/15 14:00:00,5597.88,51.66,TRADE
QLD1,2024/04/15 14:05:00,5706.57,47.11,TRADE
QLD1,2024/04/15 14:10:00,5707.13,40.02,TRADE
QLD1,2024/04/15 14:15:00,5805.42,59.75,TRADE
QLD1,2024/04/15 14:20:00,5873.81,69.32,TRADE
QLD1,2024/04/15 14:25:00,5972.76,69.26,TRADE
QLD1,2024/04/15 14:30:00,5895.21,71.22,TRADE
QLD1,2024/04/15 14:35:00,6015.61,59.55,TRADE
QLD1,2024/04/15 14:40:00,6064.23,48.75,TRADE
QLD1,2024/04/15 14:45:00,6093.48,62.73,TRADE
QLD1,2024/04/15 14:50:00,6117.96,64.48,TRADE
QLD1,2024/04/15 14:55:00,6212.71,92,TRADE
QLD1,2024/04/15 15:00:00,6266.52,135.27,TRADE
QLD1,2024/04/15 15:05:00,6305.9,85.75,TRADE
QLD1,2024/04/15 15:10:00,6359.82,63.28,TRADE
QLD1,2024/04/15 15:15:00,6418.81,85.75,TRADE
QLD1,2024/04/15 15:20:00,6502.58,85.55,TRADE
QLD1,2024/04/15 15:25:00,6613.54,62.73,TRADE
QLD1,2024/04/15 15:30:00,6642.25,94.09,TRADE
QLD1,2024/04/15 15:35:00,6790.49,91.31,TRADE
QLD1,2024/04/15 15:40:00,6842.79,69,TRADE
QLD1,2024/04/15 15:45:00,6918.79,90.74,TRADE
QLD1,2024/04/15 15:50:00,6945.79,92.59,TRADE
QLD1,2024/04/15 15:55:00,7054.06,118.01,TRADE
QLD1,2024/04/15 16:00:00,7116.4,129.86,TRADE
QLD1,2024/04/15 16:05:00,7148.33,62.73,TRADE
QLD1,2024/04/15 16:10:00,7223.95,59.55,TRADE
QLD1,2024/04/15 16:15:00,7228.64,62.73,TRADE
QLD1,2024/04/15 16:20:00,7305.62,138.59,TRADE
QLD1,2024/04/15 16:25:00,7380.26,138.98,TRADE
QLD1,2024/04/15 16:30:00,7456.54,275.29,TRADE
QLD1,2024/04/15 16:35:00,7440.15,145.20,TRADE
QLD1,2024/04/15 16:40:00,7537.92,284.55,TRADE
QLD1,2024/04/15 16:45:00,7647.19,294.13,TRADE
QLD1,2024/04/15 16:50:00,7563.45,285.75,TRADE
QLD1,2024/04/15 16:55:00,7690.49,294.50,TRADE
QLD1,2024/04/15 17:00:00,7662.7,294.64,TRADE
QLD1,2024/04/15 17:05:00,7706.28,285.75,TRADE
QLD1,2024/04/15 17:10:00,7699.37,284.75,TRADE
QLD1,2024/04/15 17:15:00,7758.89,285.75,TRADE
QLD1,2024/04/15 17:20:00,7768.85,299.27,TRADE
QLD1,2024/04/15 17:25:00,7849.37,305.63,TRADE
QLD1,2024/04/15 17:30:00,7848.9,305.91,TRADE
QLD1,2024/04/15 17:35:00,7867.74,310.69,TRADE
QLD1,2024/04/15 17:40:00,7871.31,302.46,TRADE
QLD1,2024/04/15 17:45:00,7869.97,308.37,TRADE
QLD1,2024/04/15 17:50:00,7951.66,322.38,TRADE
QLD1,2024/04/15 17:55:00,7933.81,308.29,TRADE
QLD1,2024/04/15 18:00:00,8003.98,311.96,TRADE
QLD1,2024/04/15 18:05:00,7988.49,303.52,TRADE
QLD1,2024/04/15 18:10:00,7957.6,301.50,TRADE
QLD1,2024/04/15 18:15:00,7988.04,301.51,TRADE
QLD1,2024/04/15 18:20:00,8000.26,301.47,TRADE
QLD1,2024/04/15 18:25:00,7952.24,285.75,TRADE
QLD1,2024/04/15 18:30:00,8028.93,299.21,TRADE
QLD1,2024/04/15 18:35:00,7904.62,291.08,TRADE
QLD1,2024/04/15 18:40:00,7882.34,290.80,TRADE
QLD1,2024/04/15 18:45:00,7859.73,288.66,TRADE
QLD1,2024/04/15 18:50:00,7818.41,285.39,TRADE
QLD1,2024/04/15 18:55:00,7801.54,263.01,TRADE
QLD1,2024/04/15 19:00:00,7729.26,261.55,TRADE
QLD1,2024/04/15 19:05:00,7692.82,196.63,TRADE
QLD1,2024/04/15 19:10:00,7651.26,194.01,TRADE
QLD1,2024/04/15 19:15:00,7614.16,138.97,TRADE
QLD1,2024/04/15 19:20:00,7537.94,130.83,TRADE
QLD1,2024/04/15 19:25:00,7534.54,162.70,TRADE
QLD1,2024/04/15 19:30:00,7514.72,140.72,TRADE
QLD1,2024/04/15 19:35:00,7528.35,139.66,TRADE
QLD1,2024/04/15 19:40:00,7482.25,132.25,TRADE
QLD1,2024/04/15 19:45:00,7455.97,214.45,TRADE
QLD1,2024/04/15 19:50:00,7481.17,142.55,TRADE
QLD1,2024/04/15 19:55:00,7553.57,145.20,TRADE
QLD1,2024/04/15 20:00:00,7566.36,148.58,TRADE
QLD1,2024/04/15 20:05:00,7486.41,268.22,TRADE
QLD1,2024/04/15 20:10:00,7421.28,266.21,TRADE
QLD1,2024/04/15 20:15:00,7433.39,292.83,TRADE
QLD1,2024/04/15 20:20:00,7341.92,279.89,TRADE
QLD1,2024/04/15 20:25:00,7335.19,288.49,TRADE
QLD1,2024/04/15 20:30:00,7316.43,276.40,TRADE
QLD1,2024/04/15 20:35:00,7307.55,285.75,TRADE
QLD1,2024/04/15 20:40:00,7255.4,282.42,TRADE
QLD1,2024/04/15 20:45:00,7220.72,261.55,TRADE
QLD1,2024/04/15 20:50:00,7122.11,200.89,TRADE
QLD1,2024/04/15 20:55:00,7173.86,159.10,TRADE
QLD1,2024/04/15 21:00:00,7055.88,153.31,TRADE
QLD1,2024/04/15 21:05:00,7096.93,266.08,TRADE
QLD1,2024/04/15 21:10:00,7077.63,284.86,TRADE
QLD1,2024/04/15 21:15:00,7042.78,282.75,TRADE
QLD1,2024/04/15 21:20:00,6953.23,278.65,TRADE
QLD1,2024/04/15 21:25:00,6849.27,261.55,TRADE
QLD1,2024/04/15 21:30:00,6802.99,145.20,TRADE
QLD1,2024/04/15 21:35:00,6746.08,151.93,TRADE
QLD1,2024/04/15 21:40:00,6689.9,147.87,TRADE
QLD1,2024/04/15 21:45:00,6704.93,147.75,TRADE
QLD1,2024/04/15 21:50:00,6647.26,146.32,TRADE
QLD1,2024/04/15 21:55:00,6592.08,134.45,TRADE
QLD1,2024/04/15 22:00:00,6590.79,147.93,TRADE
QLD1,2024/04/15 22:05:00,6554.31,164.32,TRADE
QLD1,2024/04/15 22:10:00,6568.94,251.85,TRADE
QLD1,2024/04/15 22:15:00,6567.81,244.86,TRADE
QLD1,2024/04/15 22:20:00,6563.81,202.09,TRADE
QLD1,2024/04/15 22:25:00,6496.31,184.68,TRADE
QLD1,2024/04/15 22:30:00,6414.09,155.50,TRADE
QLD1,2024/04/15 22:35:00,6392.47,242.97,TRADE
QLD1,2024/04/15 22:40:00,6456.15,188.92,TRADE
QLD1,2024/04/15 22:45:00,6371.88,155.56,TRADE
QLD1,2024/04/15 22:50:00,6370.99,153.36,TRADE
QLD1,2024/04/15 22:55:00,6287.45,117.67,TRADE
QLD1,2024/04/15 23:00:00,6265.4,117.46,TRADE
QLD1,2024/04/15 23:05:00,6191.6,138.97,TRADE
QLD1,2024/04/15 23:10:00,6192.64,153.49,TRADE
QLD1,2024/04/15 23:15:00,6206.74,192.30,TRADE
QLD1,2024/04/15 23:20:00,6208.1,254.26,TRADE
QLD1,2024/04/15 23:25:00,6137,192.79,TRADE
QLD1,2024/04/15 23:30:00,6094.16,151.31,TRADE
QLD1,2024/04/15 23:35:00,6053.79,231.36,TRADE
QLD1,2024/04/15 23:40:00,6055.3,246.99,TRADE
QLD1,2024/04/15 23:45:00,6051.24,236.19,TRADE
QLD1,2024/04/15 23:50:00,5984.55,134.20,TRADE
QLD1,2024/04/15 23:55:00,5973.24,177.51,TRADE
QLD1,2024/04/16 00:00:00,5942.51,237.50,TRADE
QLD1,2024/04/16 00:05:00,5903.08,230.32,TRADE
QLD1,2024/04/16 00:10:00,5868.41,167.63,TRADE
QLD1,2024/04/16 00:15:00,5822.38,250.13,TRADE
QLD1,2024/04/16 00:20:00,5830.58,241.96,TRADE
QLD1,2024/04/16 00:25:00,5787.49,153.78,TRADE
QLD1,2024/04/16 00:30:00,5756.58,157.31,TRADE
QLD1,2024/04/16 00:35:00,5774.24,155.21,TRADE
QLD1,2024/04/16 00:40:00,5801.81,233.37,TRADE
QLD1,2024/04/16 00:45:00,5740.61,138.97,TRADE
QLD1,2024/04/16 00:50:00,5766.83,121.70,TRADE
QLD1,2024/04/16 00:55:00,5726.95,118,TRADE
QLD1,2024/04/16 01:00:00,5734.83,117.97,TRADE
QLD1,2024/04/16 01:05:00,5780.29,138.97,TRADE
QLD1,2024/04/16 01:10:00,5696.5,116.95,TRADE
QLD1,2024/04/16 01:15:00,5690.28,90.86,TRADE
QLD1,2024/04/16 01:20:00,5641.39,116.62,TRADE
QLD1,2024/04/16 01:25:00,5688.79,103.65,TRADE
QLD1,2024/04/16 01:30:00,5658.94,100.55,TRADE
QLD1,2024/04/16 01:35:00,5619.79,100.55,TRADE
QLD1,2024/04/16 01:40:00,5624.52,100.55,TRADE
QLD1,2024/04/16 01:45:00,5641.9,100.55,TRADE
QLD1,2024/04/16 01:50:00,5636.73,100.55,TRADE
QLD1,2024/04/16 01:55:00,5586.32,85.55,TRADE
QLD1,2024/04/16 02:00:00,5633.56,100.55,TRADE
QLD1,2024/04/16 02:05:00,5623.32,107.81,TRADE
QLD1,2024/04/16 02:10:00,5575.88,98.79,TRADE
QLD1,2024/04/16 02:15:00,5559.99,100.55,TRADE
QLD1,2024/04/16 02:20:00,5552.57,118.20,TRADE
QLD1,2024/04/16 02:25:00,5567.77,101.93,TRADE
QLD1,2024/04/16 02:30:00,5619.36,119.01,TRADE
QLD1,2024/04/16 02:35:00,5547.94,118.11,TRADE
QLD1,2024/04/16 02:40:00,5520.89,100.55,TRADE
QLD1,2024/04/16 02:45:00,5533.88,100.70,TRADE
QLD1,2024/04/16 02:50:00,5574.64,101.29,TRADE
QLD1,2024/04/16 02:55:00,5539.9,98.81,TRADE
QLD1,2024/04/16 03:00:00,5557.24,97.98,TRADE
QLD1,2024/04/16 03:05:00,5560.3,103.06,TRADE
QLD1,2024/04/16 03:10:00,5571.29,96.23,TRADE
QLD1,2024/04/16 03:15:00,5596.92,100.55,TRADE
QLD1,2024/04/16 03:20:00,5594.48,100.56,TRADE
QLD1,2024/04/16 03:25:00,5549.64,102,TRADE
QLD1,2024/04/16 03:30:00,5584.76,105.57,TRADE
QLD1,2024/04/16 03:35:00,5566.61,93.07,TRADE
QLD1,2024/04/16 03:40:00,5561.08,100.55,TRADE
QLD1,2024/04/16 03:45:00,5581.54,100.55,TRADE
QLD1,2024/04/16 03:50:00,5597.79,117.83,TRADE
QLD1,2024/04/16 03:55:00,5568.73,100.55,TRADE
QLD1,2024/04/16 04:00:00,5605.87,100.55,TRADE
QLD1,2024/04/16 04:05:00,5561.85,92.62,TRADE
QLD1,2024/04/16 04:10:00,5647.81,125.47,TRADE
QLD1,2024/04/16 04:15:00,5689.78,130.49,TRADE
QLD1,2024/04/16 04:20:00,5655.31,138.98,TRADE
QLD1,2024/04/16 04:25:00,5692,127.11,TRADE
QLD1,2024/04/16 04:30:00,5659.03,138.98,TRADE
QLD1,2024/04/16 04:35:00,5705.15,98.62,TRADE
QLD1,2024/04/16 04:40:00,5713.66,124.76,TRADE
QLD1,2024/04/16 04:45:00,5717.62,100.55,TRADE
QLD1,2024/04/16 04:50:00,5715.32,100.55,TRADE
QLD1,2024/04/16 04:55:00,5771.5,111.52,TRADE
QLD1,2024/04/16 05:00:00,5832.74,138.98,TRADE
QLD1,2024/04/16 05:05:00,5900.31,116.32,TRADE
QLD1,2024/04/16 05:10:00,5886.96,100.55,TRADE
QLD1,2024/04/16 05:15:00,5918.69,116.94,TRADE
QLD1,2024/04/16 05:20:00,5947.06,196.06,TRADE
QLD1,2024/04/16 05:25:00,5961.9,126.25,TRADE
QLD1,2024/04/16 05:30:00,5989.72,100.55,TRADE
QLD1,2024/04/16 05:35:00,6038.42,127.06,TRADE
QLD1,2024/04/16 05:40:00,6107.01,203.37,TRADE
QLD1,2024/04/16 05:45:00,6109.89,234.89,TRADE
QLD1,2024/04/16 05:50:00,6082.74,163.65,TRADE
QLD1,2024/04/16 05:55:00,6214.85,244.90,TRADE
QLD1,2024/04/16 06:00:00,6174.1,249.70,TRADE
QLD1,2024/04/16 06:05:00,6222.98,129.29,TRADE
QLD1,2024/04/16 06:10:00,6293.84,244.60,TRADE
QLD1,2024/04/16 06:15:00,6387.36,144.61,TRADE
QLD1,2024/04/16 06:20:00,6339.88,242.05,TRADE
QLD1,2024/04/16 06:25:00,6415.48,261.55,TRADE
QLD1,2024/04/16 06:30:00,6425.53,261.55,TRADE
QLD1,2024/04/16 06:35:00,6465.95,259.02,TRADE
QLD1,2024/04/16 06:40:00,6473.98,263.01,TRADE
QLD1,2024/04/16 06:45:00,6434.11,264.42,TRADE
QLD1,2024/04/16 06:50:00,6525.72,263.45,TRADE
QLD1,2024/04/16 06:55:00,6494.12,261.55,TRADE
QLD1,2024/04/16 07:00:00,6465.28,251.55,TRADE
QLD1,2024/04/16 07:05:00,6467.2,138.98,TRADE
QLD1,2024/04/16 07:10:00,6433.59,144.61,TRADE
QLD1,2024/04/16 07:15:00,6404.6,84.35,TRADE
QLD1,2024/04/16 07:20:00,6355.15,81.56,TRADE
QLD1,2024/04/16 07:25:00,6281.85,59.75,TRADE
QLD1,2024/04/16 07:30:00,6294.63,49.40,TRADE
QLD1,2024/04/16 07:35:00,6201.29,59.75,TRADE
QLD1,2024/04/16 07:40:00,6209.94,59.55,TRADE
QLD1,2024/04/16 07:45:00,6112.96,18.84,TRADE
QLD1,2024/04/16 07:50:00,6068.58,33.12,TRADE
QLD1,2024/04/16 07:55:00,5939.74,38.75,TRADE
QLD1,2024/04/16 08:00:00,5894.97,38.75,TRADE
QLD1,2024/04/16 08:05:00,5804.48,38.75,TRADE
QLD1,2024/04/16 08:10:00,5824.93,48.73,TRADE
QLD1,2024/04/16 08:15:00,5815.55,61.87,TRADE
QLD1,2024/04/16 08:20:00,5663.34,48.75,TRADE
QLD1,2024/04/16 08:25:00,5669.02,48.75,TRADE
QLD1,2024/04/16 08:30:00,5582.83,48.75,TRADE
QLD1,2024/04/16 08:35:00,5593.9,38.55,TRADE
QLD1,2024/04/16 08:40:00,5478.4,-10.40,TRADE
QLD1,2024/04/16 08:45:00,5457.72,38.55,TRADE
QLD1,2024/04/16 08:50:00,5353.65,38.55,TRADE
QLD1,2024/04/16 08:55:00,5251.83,32.22,TRADE
QLD1,2024/04/16 09:00:00,5277.11,38.55,TRADE
QLD1,2024/04/16 09:05:00,5208.74,38.55,TRADE
QLD1,2024/04/16 09:10:00,5165.92,38.75,TRADE
QLD1,2024/04/16 09:15:00,5232.12,49.72,TRADE
QLD1,2024/04/16 09:20:00,5119.53,46.01,TRADE
QLD1,2024/04/16 09:25:00,5154.51,38.55,TRADE
QLD1,2024/04/16 09:30:00,5064.87,38.75,TRADE
QLD1,2024/04/16 09:35:00,5083.84,-8.36,TRADE
QLD1,2024/04/16 09:40:00,5088.81,49.99,TRADE
QLD1,2024/04/16 09:45:00,5111.8,38.75,TRADE
QLD1,2024/04/16 09:50:00,5118.47,48.55,TRADE
QLD1,2024/04/16 09:55:00,5099.55,38.75,TRADE
QLD1,2024/04/16 10:00:00,5110.7,48.55,TRADE
QLD1,2024/04/16 10:05:00,5058.12,48.55,TRADE
QLD1,2024/04/16 10:10:00,5123.73,48.55,TRADE
QLD1,2024/04/16 10:15:00,5068.46,48.55,TRADE
QLD1,2024/04/16 10:20:00,5041.36,38.55,TRADE
QLD1,2024/04/16 10:25:00,5042.34,38.55,TRADE
QLD1,2024/04/16 10:30:00,4997.32,38.55,TRADE
QLD1,2024/04/16 10:35:00,4971.93,34.75,TRADE
QLD1,2024/04/16 10:40:00,5035.25,82.27,TRADE
QLD1,2024/04/16 10:45:00,5009.54,38.75,TRADE
QLD1,2024/04/16 10:50:00,4948.79,6.48,TRADE
QLD1,2024/04/16 10:55:00,5007.42,38.55,TRADE
QLD1,2024/04/16 11:00:00,4962.05,21.57,TRADE
QLD1,2024/04/16 11:05:00,4966.39,38.55,TRADE
QLD1,2024/04/16 11:10:00,4998.5,61.73,TRADE
QLD1,2024/04/16 11:15:00,5014.17,21.57,TRADE
QLD1,2024/04/16 11:20:00,5001.48,38.55,TRADE
QLD1,2024/04/16 11:25:00,5025.49,38.55,TRADE
QLD1,2024/04/16 11:30:00,5023.18,30.39,TRADE
QLD1,2024/04/16 11:35:00,4929.71,-10.40,TRADE
QLD1,2024/04/16 11:40:00,5025.05,38.55,TRADE
QLD1,2024/04/16 11:45:00,5016.39,22.34,TRADE
QLD1,2024/04/16 11:50:00,5000.06,34.75,TRADE
QLD1,2024/04/16 11:55:00,5054.47,38.55,TRADE
QLD1,2024/04/16 12:00:00,5039.96,22.34,TRADE
QLD1,2024/04/16 12:05:00,5055.24,34.75,TRADE
QLD1,2024/04/16 12:10:00,5118.44,38.55,TRADE
QLD1,2024/04/16 12:15:00,5181.95,38.75,TRADE
QLD1,2024/04/16 12:20:00,5404.71,42.68,TRADE
QLD1,2024/04/16 12:25:00,5364.51,38.75,TRADE
QLD1,2024/04/16 12:30:00,5204.93,38.55,TRADE
QLD1,2024/04/16 12:35:00,5244.54,62.73,TRADE
QLD1,2024/04/16 12:40:00,5265.76,47.75,TRADE
QLD1,2024/04/16 12:45:00,5276.14,48.75,TRADE
QLD1,2024/04/16 12:50:00,5270.16,48.75,TRADE
QLD1,2024/04/16 12:55:00,5321.9,59.55,TRADE
QLD1,2024/04/16 13:00:00,5296.54,48.55,TRADE
QLD1,2024/04/16 13:05:00,5349.13,49.63,TRADE
QLD1,2024/04/16 13:10:00,5351.79,62.73,TRADE
QLD1,2024/04/16 13:15:00,5426.51,85.55,TRADE
QLD1,2024/04/16 13:20:00,5473.05,64.57,TRADE
QLD1,2024/04/16 13:25:00,5450.62,62.73,TRADE
QLD1,2024/04/16 13:30:00,5508.99,74.54,TRADE
QLD1,2024/04/16 13:35:00,5465.47,59.55,TRADE
QLD1,2024/04/16 13:40:00,5427.21,59.55,TRADE
QLD1,2024/04/16 13:45:00,5513.93,59.55,TRADE
QLD1,2024/04/16 13:50:00,5479.91,48.75,TRADE
QLD1,2024/04/16 13:55:00,5523.45,62.73,TRADE
QLD1,2024/04/16 14:00:00,5641.89,85.75,TRADE
QLD1,2024/04/16 14:05:00,5802.8,95.75,TRADE
QLD1,2024/04/16 14:10:00,5795.84,92.47,TRADE
QLD1,2024/04/16 14:15:00,5852.58,267.08,TRADE
QLD1,2024/04/16 14:20:00,5857.39,82.61,TRADE
QLD1,2024/04/16 14:25:00,5915.84,112.84,TRADE
QLD1,2024/04/16 14:30:00,5904.9,62.73,TRADE
QLD1,2024/04/16 14:35:00,5950.74,65.46,TRADE
QLD1,2024/04/16 14:40:00,6059.28,62.73,TRADE
QLD1,2024/04/16 14:45:00,6080.04,85.75,TRADE
QLD1,2024/04/16 14:50:00,6173.46,85.75,TRADE
QLD1,2024/04/16 14:55:00,6194.83,85.55,TRADE
QLD1,2024/04/16 15:00:00,6244.02,122.54,TRADE
QLD1,2024/04/16 15:05:00,6259.04,62.73,TRADE
QLD1,2024/04/16 15:10:00,6218.13,59.55,TRADE
QLD1,2024/04/16 15:15:00,6359.85,124.85,TRADE
QLD1,2024/04/16 15:20:00,6475.99,90.76,TRADE
QLD1,2024/04/16 15:25:00,6587.8,94.50,TRADE
QLD1,2024/04/16 15:30:00,6627.92,124.90,TRADE
QLD1,2024/04/16 15:35:00,6679.43,95.40,TRADE
QLD1,2024/04/16 15:40:00,6783.52,105.85,TRADE
QLD1,2024/04/16 15:45:00,6889.21,136.10,TRADE
QLD1,2024/04/16 15:50:00,7092.09,147.67,TRADE
QLD1,2024/04/16 15:55:00,7107.4,151.01,TRADE
QLD1,2024/04/16 16:00:00,7137.18,116.40,TRADE
QLD1,2024/04/16 16:05:00,7108.46,96.01,TRADE
QLD1,2024/04/16 16:10:00,7296.33,143.83,TRADE
QLD1,2024/04/16 16:15:00,7352.39,159.95,TRADE
QLD1,2024/04/16 16:20:00,7378.51,279.06,TRADE
QLD1,2024/04/16 16:25:00,7355.18,277.62,TRADE
QLD1,2024/04/16 16:30:00,7494.83,292.93,TRADE
QLD1,2024/04/16 16:35:00,7527.98,285.75,TRADE
QLD1,2024/04/16 16:40:00,7390.41,158.93,TRADE
QLD1,2024/04/16 16:45:00,7508.99,263.01,TRADE
QLD1,2024/04/16 16:50:00,7633.41,284.70,TRADE
QLD1,2024/04/16 16:55:00,7678.47,281.37,TRADE
QLD1,2024/04/16 17:00:00,7648.21,281.69,TRADE
QLD1,2024/04/16 17:05:00,7753.17,261.55,TRADE
QLD1,2024/04/16 17:10:00,7783.97,255.36,TRADE
QLD1,2024/04/16 17:15:00,7768.77,261.01,TRADE
QLD1,2024/04/16 17:20:00,7782.5,284.50,TRADE
QLD1,2024/04/16 17:25:00,7830.65,285.39,TRADE
QLD1,2024/04/16 17:30:00,7786.44,282.67,TRADE
QLD1,2024/04/16 17:35:00,7886.2,285.75,TRADE
QLD1,2024/04/16 17:40:00,7920.75,285.75,TRADE
QLD1,2024/04/16 17:45:00,7907.95,285.75,TRADE
QLD1,2024/04/16 17:50:00,7888.96,285.75,TRADE
QLD1,2024/04/16 17:55:00,7955.67,285.75,TRADE
QLD1,2024/04/16 18:00:00,7964.37,285.75,TRADE
QLD1,2024/04/16 18:05:00,8018.79,282.87,TRADE
QLD1,2024/04/16 18:10:00,7998.06,277.15,TRADE
QLD1,2024/04/16 18:15:00,8006.04,270.82,TRADE
QLD1,2024/04/16 18:20:00,8047.81,277.52,TRADE
QLD1,2024/04/16 18:25:00,8001.69,269.90,TRADE
QLD1,2024/04/16 18:30:00,7920.22,261.01,TRADE
QLD1,2024/04/16 18:35:00,7907.18,261.01,TRADE
QLD1,2024/04/16 18:40:00,7852.59,255.50,TRADE
QLD1,2024/04/16 18:45:00,7876.44,224.14,TRADE
QLD1,2024/04/16 18:50:00,7825.18,182.34,TRADE
QLD1,2024/04/16 18:55:00,7848.2,226.20,TRADE
QLD1,2024/04/16 19:00:00,7853.14,163.96,TRADE
QLD1,2024/04/16 19:05:00,7742.7,190.49,TRADE
QLD1,2024/04/16 19:10:00,7761.35,171.77,TRADE
QLD1,2024/04/16 19:15:00,7680.65,144.61,TRADE
QLD1,2024/04/16 19:20:00,7791.13,190.49,TRADE
QLD1,2024/04/16 19:25:00,7600.72,138.97,TRADE
QLD1,2024/04/16 19:30:00,7596.56,138.98,TRADE
QLD1,2024/04/16 19:35:00,7556.5,194.01,TRADE
QLD1,2024/04/16 19:40:00,7498.12,190.49,TRADE
QLD1,2024/04/16 19:45:00,7479.3,190.49,TRADE
QLD1,2024/04/16 19:50:00,7534.46,184.17,TRADE
QLD1,2024/04/16 19:55:00,7466.7,143.51,TRADE
QLD1,2024/04/16 20:00:00,7447.88,141.41,TRADE
QLD1,2024/04/16 20:05:00,7496.29,146.19,TRADE
QLD1,2024/04/16 20:10:00,7453.31,146.15,TRADE
QLD1,2024/04/16 20:15:00,7365.22,148.59,TRADE
QLD1,2024/04/16 20:20:00,7350.7,148.48,TRADE
QLD1,2024/04/16 20:25:00,7227.93,143.43,TRADE
QLD1,2024/04/16 20:30:00,7259.93,142.44,TRADE
QLD1,2024/04/16 20:35:00,7226.42,142.36,TRADE
QLD1,2024/04/16 20:40:00,7199.61,142.39,TRADE
QLD1,2024/04/16 20:45:00,7156.74,138.97,TRADE
QLD1,2024/04/16 20:50:00,7105.65,120.10,TRADE
QLD1,2024/04/16 20:55:00,7064.58,126.67,TRADE
QLD1,2024/04/16 21:00:00,7025.67,123.91,TRADE
QLD1,2024/04/16 21:05:00,7027.29,145.20,TRADE
QLD1,2024/04/16 21:10:00,6997.43,142.67,TRADE
QLD1,2024/04/16 21:15:00,7012.91,138.97,TRADE
QLD1,2024/04/16 21:20:00,7004.07,138.97,TRADE
QLD1,2024/04/16 21:25:00,6986.67,127.91,TRADE
QLD1,2024/04/16 21:30:00,6957.08,127.90,TRADE
QLD1,2024/04/16 21:35:00,6898.35,126.89,TRADE
QLD1,2024/04/16 21:40:00,6794.6,113.01,TRADE
QLD1,2024/04/16 21:45:00,6749.64,104.20,TRADE
QLD1,2024/04/16 21:50:00,6748.85,104.71,TRADE
QLD1,2024/04/16 21:55:00,6728.69,102.22,TRADE
QLD1,2024/04/16 22:00:00,6665.72,100.88,TRADE
QLD1,2024/04/16 22:05:00,6541.2,78.16,TRADE
QLD1,2024/04/16 22:10:00,6584.08,112.73,TRADE
QLD1,2024/04/16 22:15:00,6576.01,123.07,TRADE
QLD1,2024/04/16 22:20:00,6532.94,114.55,TRADE
QLD1,2024/04/16 22:25:00,6522.55,111.55,TRADE
QLD1,2024/04/16 22:30:00,6393.18,110.94,TRADE
QLD1,2024/04/16 22:35:00,6390.37,138.98,TRADE
QLD1,2024/04/16 22:40:00,6431.54,143.86,TRADE
QLD1,2024/04/16 22:45:00,6318.64,126.45,TRADE
QLD1,2024/04/16 22:50:00,6321.2,113.40,TRADE
QLD1,2024/04/16 22:55:00,6295.97,100.55,TRADE
QLD1,2024/04/16 23:00:00,6189.53,85.75,TRADE
QLD1,2024/04/16 23:05:00,6120.68,85.75,TRADE
QLD1,2024/04/16 23:10:00,6161.22,110.27,TRADE
QLD1,2024/04/16 23:15:00,6215.37,136.28,TRADE
QLD1,2024/04/16 23:20:00,6181.59,100.55,TRADE
QLD1,2024/04/16 23:25:00,6130.72,85.75,TRADE
QLD1,2024/04/16 23:30:00,6072.14,85.55,TRADE
QLD1,2024/04/16 23:35:00,5994.57,92.22,TRADE
QLD1,2024/04/16 23:40:00,6033.2,101.42,TRADE
QLD1,2024/04/16 23:45:00,6030.31,97.74,TRADE
QLD1,2024/04/16 23:50:00,5920.43,85.75,TRADE
QLD1,2024/04/16 23:55:00,5905.92,93.04,TRADE
QLD1,2024/04/17 00:00:00,5929.69,93.89,TRADE
QLD1,2024/04/17 00:05:00,5866.57,98.28,TRADE
QLD1,2024/04/17 00:10:00,5839.35,97.27,TRADE
QLD1,2024/04/17 00:15:00,5809.92,85.75,TRADE
QLD1,2024/04/17 00:20:00,5828.62,94.12,TRADE
QLD1,2024/04/17 00:25:00,5847.54,85.75,TRADE
QLD1,2024/04/17 00:30:00,5792.66,89.63,TRADE
QLD1,2024/04/17 00:35:00,5736.27,91.58,TRADE
QLD1,2024/04/17 00:40:00,5776.02,97.45,TRADE
QLD1,2024/04/17 00:45:00,5743.93,100.55,TRADE
QLD1,2024/04/17 00:50:00,5698.12,98.87,TRADE
QLD1,2024/04/17 00:55:00,5721.62,100.55,TRADE
QLD1,2024/04/17 01:00:00,5702.59,95.81,TRADE
QLD1,2024/04/17 01:05:00,5660.06,100.55,TRADE
QLD1,2024/04/17 01:10:00,5667.46,100.55,TRADE
QLD1,2024/04/17 01:15:00,5656.49,99.60,TRADE
QLD1,2024/04/17 01:20:00,5665.97,100.30,TRADE
QLD1,2024/04/17 01:25:00,5625.83,85.75,TRADE
QLD1,2024/04/17 01:30:00,5653.75,89.90,TRADE
QLD1,2024/04/17 01:35:00,5695.01,100.55,TRADE
QLD1,2024/04/17 01:40:00,5651.37,100.26,TRADE
QLD1,2024/04/17 01:45:00,5632.01,85.55,TRADE
QLD1,2024/04/17 01:50:00,5562.32,85.75,TRADE
QLD1,2024/04/17 01:55:00,5587.38,85.75,TRADE
QLD1,2024/04/17 02:00:00,5604.71,85.55,TRADE
QLD1,2024/04/17 02:05:00,5575.91,85.75,TRADE
QLD1,2024/04/17 02:10:00,5501.04,85.75,TRADE
QLD1,2024/04/17 02:15:00,5443.39,85.55,TRADE
QLD1,2024/04/17 02:20:00,5413.28,85.55,TRADE
QLD1,2024/04/17 02:25:00,5424.8,85.55,TRADE
QLD1,2024/04/17 02:30:00,5432.77,85.55,TRADE
QLD1,2024/04/17 02:35:00,5415.27,85.75,TRADE
QLD1,2024/04/17 02:40:00,5349.83,85.55,TRADE
QLD1,2024/04/17 02:45:00,5435.14,85.75,TRADE
QLD1,2024/04/17 02:50:00,5407.75,85.75,TRADE
QLD1,2024/04/17 02:55:00,5462.08,85.75,TRADE
QLD1,2024/04/17 03:00:00,5400.42,85.75,TRADE
QLD1,2024/04/17 03:05:00,5453.43,85.75,TRADE
QLD1,2024/04/17 03:10:00,5461.07,85.75,TRADE
QLD1,2024/04/17 03:15:00,5493.36,85.75,TRADE
QLD1,2024/04/17 03:20:00,5476.49,85.75,TRADE
QLD1,2024/04/17 03:25:00,5455.91,85.75,TRADE
QLD1,2024/04/17 03:30:00,5453.46,85.55,TRADE
QLD1,2024/04/17 03:35:00,5463.58,70.06,TRADE
QLD1,2024/04/17 03:40:00,5457.78,73.52,TRADE
QLD1,2024/04/17 03:45:00,5479.44,59.75,TRADE
QLD1,2024/04/17 03:50:00,5485.3,70.58,TRADE
QLD1,2024/04/17 03:55:00,5494.77,70.58,TRADE
QLD1,2024/04/17 04:00:00,5456.95,59.75,TRADE
QLD1,2024/04/17 04:05:00,5500.32,70.15,TRADE
QLD1,2024/04/17 04:10:00,5534.86,85.75,TRADE
QLD1,2024/04/17 04:15:00,5573.47,85.75,TRADE
QLD1,2024/04/17 04:20:00,5558.9,85.75,TRADE
QLD1,2024/04/17 04:25:00,5556.58,85.55,TRADE
QLD1,2024/04/17 04:30:00,5599.75,85.75,TRADE
QLD1,2024/04/17 04:35:00,5626.74,80.28,TRADE
QLD1,2024/04/17 04:40:00,5623.16,79.51,TRADE
QLD1,2024/04/17 04:45:00,5686.04,81.98,TRADE
QLD1,2024/04/17 04:50:00,5641,72.40,TRADE
QLD1,2024/04/17 04:55:00,5632.57,85.55,TRADE
QLD1,2024/04/17 05:00:00,5694.52,85.75,TRADE
QLD1,2024/04/17 05:05:00,5691.89,85.55,TRADE
QLD1,2024/04/17 05:10:00,5819.94,100.55,TRADE
QLD1,2024/04/17 05:15:00,5844.87,121.63,TRADE
QLD1,2024/04/17 05:20:00,5896.52,104.53,TRADE
QLD1,2024/04/17 05:25:00,5917.82,103.74,TRADE
QLD1,2024/04/17 05:30:00,5908.87,102.80,TRADE
QLD1,2024/04/17 05:35:00,5963.04,96.01,TRADE
QLD1,2024/04/17 05:40:00,6015.44,104.87,TRADE
QLD1,2024/04/17 05:45:00,6066.01,100.53,TRADE
QLD1,2024/04/17 05:50:00,6087.75,100.55,TRADE
QLD1,2024/04/17 05:55:00,6142.07,105.95,TRADE
QLD1,2024/04/17 06:00:00,6186.9,117.48,TRADE
QLD1,2024/04/17 06:05:00,6200.45,85.55,TRADE
QLD1,2024/04/17 06:10:00,6286.53,107.60,TRADE
QLD1,2024/04/17 06:15:00,6407.7,138.98,TRADE
QLD1,2024/04/17 06:20:00,6471.63,162.04,TRADE
QLD1,2024/04/17 06:25:00,6477.06,144.61,TRADE
QLD1,2024/04/17 06:30:00,6492.94,190.74,TRADE
QLD1,2024/04/17 06:35:00,6546.77,261.55,TRADE
QLD1,2024/04/17 06:40:00,6487.26,245.29,TRADE
QLD1,2024/04/17 06:45:00,6504.46,164.28,TRADE
QLD1,2024/04/17 06:50:00,6558.92,190.74,TRADE
QLD1,2024/04/17 06:55:00,6524.51,190.74,TRADE
QLD1,2024/04/17 07:00:00,6588.53,224.07,TRADE
QLD1,2024/04/17 07:05:00,6597.09,190.74,TRADE
QLD1,2024/04/17 07:10:00,6574.16,233.19,TRADE
QLD1,2024/04/17 07:15:00,6543.6,145.42,TRADE
QLD1,2024/04/17 07:20:00,6480.8,138.98,TRADE
QLD1,2024/04/17 07:25:00,6418.96,90.92,TRADE
QLD1,2024/04/17 07:30:00,6571.59,100.55,TRADE
QLD1,2024/04/17 07:35:00,6517.13,86.67,TRADE
QLD1,2024/04/17 07:40:00,6530.27,100.55,TRADE
QLD1,2024/04/17 07:45:00,6416.43,92.68,TRADE
QLD1,2024/04/17 07:50:00,6350.1,85.55,TRADE
QLD1,2024/04/17 07:55:00,6186.77,42.04,TRADE
QLD1,2024/04/17 08:00:00,6143.41,-10.50,TRADE
QLD1,2024/04/17 08:05:00,6149.09,48.55,TRADE
QLD1,2024/04/17 08:10:00,6170.72,95.16,TRADE
QLD1,2024/04/17 08:15:00,6156.49,35.87,TRADE
QLD1,2024/04/17 08:20:00,5999.31,48.55,TRADE
QLD1,2024/04/17 08:25:00,5894.45,48.55,TRADE
QLD1,2024/04/17 08:30:00,5825.92,48.55,TRADE
QLD1,2024/04/17 08:35:00,5804.67,38.55,TRADE
QLD1,2024/04/17 08:40:00,5713.48,58.43,TRADE
QLD1,2024/04/17 08:45:00,5659.15,57.50,TRADE
QLD1,2024/04/17 08:50:00,5673.41,59.55,TRADE
QLD1,2024/04/17 08:55:00,5643.5,48.55,TRADE
QLD1,2024/04/17 09:00:00,5606.71,38.75,TRADE
QLD1,2024/04/17 09:05:00,5493.98,48.55,TRADE
QLD1,2024/04/17 09:10:00,5545.05,48.55,TRADE
QLD1,2024/04/17 09:15:00,5506.93,115.90,TRADE
QLD1,2024/04/17 09:20:00,5506.58,121.15,TRADE
QLD1,2024/04/17 09:25:00,5542.46,93.07,TRADE
QLD1,2024/04/17 09:30:00,5574.35,62.73,TRADE
QLD1,2024/04/17 09:35:00,5555.59,59.55,TRADE
QLD1,2024/04/17 09:40:00,5517.78,59.55,TRADE
QLD1,2024/04/17 09:45:00,5481,48.75,TRADE
QLD1,2024/04/17 09:50:00,5485.94,48.55,TRADE
QLD1,2024/04/17 09:55:00,5500.97,59.55,TRADE
QLD1,2024/04/17 10:00:00,5458.44,59.55,TRADE
QLD1,2024/04/17 10:05:00,5482.05,59.55,TRADE
QLD1,2024/04/17 10:10:00,5512.64,73.32,TRADE
QLD1,2024/04/17 10:15:00,5592.16,70.37,TRADE
QLD1,2024/04/17 10:20:00,5576.56,72.41,TRADE
QLD1,2024/04/17 10:25:00,5523.55,59.55,TRADE
QLD1,2024/04/17 10:30:00,5544.49,69.15,TRADE
QLD1,2024/04/17 10:35:00,5568.97,84.87,TRADE
QLD1,2024/04/17 10:40:00,5654.89,86.27,TRADE
QLD1,2024/04/17 10:45:00,5676,95.25,TRADE
QLD1,2024/04/17 10:50:00,5707.56,96.23,TRADE
QLD1,2024/04/17 10:55:00,5811.08,100.71,TRADE
QLD1,2024/04/17 11:00:00,5743.13,96.20,TRADE
QLD1,2024/04/17 11:05:00,5768.28,85.55,TRADE
QLD1,2024/04/17 11:10:00,5721.01,82.83,TRADE
QLD1,2024/04/17 11:15:00,5661.82,85.55,TRADE
QLD1,2024/04/17 11:20:00,5639.6,69.57,TRADE
QLD1,2024/04/17 11:25:00,5659.7,70.50,TRADE
QLD1,2024/04/17 11:30:00,5610.7,71.32,TRADE
QLD1,2024/04/17 11:35:00,5544.48,76.78,TRADE
QLD1,2024/04/17 11:40:00,5551.33,68.96,TRADE
QLD1,2024/04/17 11:45:00,5615.63,68.24,TRADE
QLD1,2024/04/17 11:50:00,5596.09,63.39,TRADE
QLD1,2024/04/17 11:55:00,5582.59,59.55,TRADE
QLD1,2024/04/17 12:00:00,5511.02,68.67,TRADE
QLD1,2024/04/17 12:05:00,5593.58,70.71,TRADE
QLD1,2024/04/17 12:10:00,5669.23,85.55,TRADE
QLD1,2024/04/17 12:15:00,5676.23,95.32,TRADE
QLD1,2024/04/17 12:20:00,5827.11,101.90,TRADE
QLD1,2024/04/17 12:25:00,5819.81,101.45,TRADE
QLD1,2024/04/17 12:30:00,5814.73,81.94,TRADE
QLD1,2024/04/17 12:35:00,5803.07,62.73,TRADE
QLD1,2024/04/17 12:40:00,5863.75,85.55,TRADE
QLD1,2024/04/17 12:45:00,5945.99,100.09,TRADE
QLD1,2024/04/17 12:50:00,5982.83,103.20,TRADE
QLD1,2024/04/17 12:55:00,5883.07,93.48,TRADE
QLD1,2024/04/17 13:00:00,5912.82,92.53,TRADE
QLD1,2024/04/17 13:05:00,5976.92,94.96,TRADE
QLD1,2024/04/17 13:10:00,6171.01,97.29,TRADE
QLD1,2024/04/17 13:15:00,6179.88,97.52,TRADE
QLD1,2024/04/17 13:20:00,6190.53,98.53,TRADE
QLD1,2024/04/17 13:25:00,6038.69,97.03,TRADE
QLD1,2024/04/17 13:30:00,6003.64,97,TRADE
QLD1,2024/04/17 13:35:00,6082.6,90.90,TRADE
QLD1,2024/04/17 13:40:00,6134.44,98.66,TRADE
QLD1,2024/04/17 13:45:00,6111.79,96.18,TRADE
QLD1,2024/04/17 13:50:00,6206.54,97.56,TRADE
QLD1,2024/04/17 13:55:00,6360.5,95.44,TRADE
QLD1,2024/04/17 14:00:00,6189.54,94.94,TRADE
QLD1,2024/04/17 14:05:00,6232.09,101.25,TRADE
QLD1,2024/04/17 14:10:00,6268.13,85.55,TRADE
QLD1,2024/04/17 14:15:00,6301.34,72.51,TRADE
QLD1,2024/04/17 14:20:00,6331.14,100.70,TRADE
QLD1,2024/04/17 14:25:00,6405.13,100.91,TRADE
QLD1,2024/04/17 14:30:00,6422.43,97.40,TRADE
QLD1,2024/04/17 14:35:00,6473.11,103.40,TRADE
QLD1,2024/04/17 14:40:00,6561,129.31,TRADE
QLD1,2024/04/17 14:45:00,6693.54,85.75,TRADE
QLD1,2024/04/17 14:50:00,6653.46,85.55,TRADE
QLD1,2024/04/17 14:55:00,6603.54,114.16,TRADE
QLD1,2024/04/17 15:00:00,6636.38,124.32,TRADE
QLD1,2024/04/17 15:05:00,6666,116.17,TRADE
QLD1,2024/04/17 15:10:00,6671.96,98.87,TRADE
QLD1,2024/04/17 15:15:00,6850.96,126.19,TRADE
QLD1,2024/04/17 15:20:00,6808.96,261.55,TRADE
QLD1,2024/04/17 15:25:00,6856.02,261.55,TRADE
QLD1,2024/04/17 15:30:00,6840.89,123.84,TRADE
QLD1,2024/04/17 15:35:00,6970.68,107.80,TRADE
QLD1,2024/04/17 15:40:00,7074.87,99.32,TRADE
QLD1,2024/04/17 15:45:00,7114.69,115.91,TRADE
QLD1,2024/04/17 15:50:00,7172.83,101.56,TRADE
QLD1,2024/04/17 15:55:00,7284.66,128.99,TRADE
QLD1,2024/04/17 16:00:00,7263.04,116.51,TRADE
QLD1,2024/04/17 16:05:00,7216.84,101.40,TRADE
QLD1,2024/04/17 16:10:00,7249.27,122.79,TRADE
QLD1,2024/04/17 16:15:00,7248.19,138.99,TRADE
QLD1,2024/04/17 16:20:00,7358.43,138.97,TRADE
QLD1,2024/04/17 16:25:00,7354.06,138.99,TRADE
QLD1,2024/04/17 16:30:00,7454.04,159.05,TRADE
QLD1,2024/04/17 16:35:00,7549.61,138.97,TRADE
QLD1,2024/04/17 16:40:00,7563.64,288.72,TRADE
QLD1,2024/04/17 16:45:00,7514.65,161.13,TRADE
QLD1,2024/04/17 16:50:00,7584.35,138.99,TRADE
QLD1,2024/04/17 16:55:00,7669.66,252.12,TRADE
QLD1,2024/04/17 17:00:00,7656.47,226.31,TRADE
QLD1,2024/04/17 17:05:00,7666.59,173.39,TRADE
QLD1,2024/04/17 17:10:00,7732.29,174.06,TRADE
QLD1,2024/04/17 17:15:00,7745.4,234.34,TRADE
QLD1,2024/04/17 17:20:00,7817.69,239.73,TRADE
QLD1,2024/04/17 17:25:00,7835.33,261.01,TRADE
QLD1,2024/04/17 17:30:00,7848.02,261.55,TRADE
QLD1,2024/04/17 17:35:00,7926.94,261.01,TRADE
QLD1,2024/04/17 17:40:00,7928.08,261.01,TRADE
QLD1,2024/04/17 17:45:00,7915.47,159.81,TRADE
QLD1,2024/04/17 17:50:00,7945.22,196.63,TRADE
QLD1,2024/04/17 17:55:00,8033.29,251.64,TRADE
QLD1,2024/04/17 18:00:00,8061.21,230.54,TRADE
QLD1,2024/04/17 18:05:00,7998.84,189.16,TRADE
QLD1,2024/04/17 18:10:00,7888.25,144.61,TRADE
QLD1,2024/04/17 18:15:00,7954.18,176.48,TRADE
QLD1,2024/04/17 18:20:00,7939.65,190.49,TRADE
QLD1,2024/04/17 18:25:00,7949.21,177.17,TRADE
QLD1,2024/04/17 18:30:00,7907.67,186.83,TRADE
QLD1,2024/04/17 18:35:00,7920.93,144.61,TRADE
QLD1,2024/04/17 18:40:00,7872.39,141.67,TRADE
QLD1,2024/04/17 18:45:00,7820.78,145.20,TRADE
QLD1,2024/04/17 18:50:00,7786.66,138.97,TRADE
QLD1,2024/04/17 18:55:00,7729.87,136.03,TRADE
QLD1,2024/04/17 19:00:00,7717.75,138.55,TRADE
QLD1,2024/04/17 19:05:00,7620.45,145.20,TRADE
QLD1,2024/04/17 19:10:00,7598.48,138.97,TRADE
QLD1,2024/04/17 19:15:00,7597.4,138.97,TRADE
QLD1,2024/04/17 19:20:00,7580.23,138.97,TRADE
QLD1,2024/04/17 19:25:00,7534.39,129.84,TRADE
QLD1,2024/04/17 19:30:00,7518.17,121.02,TRADE
QLD1,2024/04/17 19:35:00,7482.77,138.19,TRADE
QLD1,2024/04/17 19:40:00,7421.96,131.36,TRADE
QLD1,2024/04/17 19:45:00,7406.08,133.33,TRADE
QLD1,2024/04/17 19:50:00,7445.2,127.59,TRADE
QLD1,2024/04/17 19:55:00,7427.59,135.84,TRADE
QLD1,2024/04/17 20:00:00,7466.13,128.57,TRADE
QLD1,2024/04/17 20:05:00,7394.39,145.20,TRADE
QLD1,2024/04/17 20:10:00,7357.04,141.74,TRADE
QLD1,2024/04/17 20:15:00,7409.8,143.69,TRADE
QLD1,2024/04/17 20:20:00,7381.79,138.97,TRADE
QLD1,2024/04/17 20:25:00,7364.09,142.18,TRADE
QLD1,2024/04/17 20:30:00,7373.06,138.97,TRADE
QLD1,2024/04/17 20:35:00,7317.96,145.20,TRADE
QLD1,2024/04/17 20:40:00,7341.86,142.93,TRADE
QLD1,2024/04/17 20:45:00,7313.95,139.57,TRADE
QLD1,2024/04/17 20:50:00,7216.14,115.75,TRADE
QLD1,2024/04/17 20:55:00,7123.56,103.63,TRADE
QLD1,2024/04/17 21:00:00,7114.86,103.60,TRADE
QLD1,2024/04/17 21:05:00,7070.78,114.99,TRADE
QLD1,2024/04/17 21:10:00,7114.72,108.21,TRADE
QLD1,2024/04/17 21:15:00,7040.82,99.99,TRADE
QLD1,2024/04/17 21:20:00,7004.74,105.29,TRADE
QLD1,2024/04/17 21:25:00,6924.26,97.44,TRADE
QLD1,2024/04/17 21:30:00,6907.93,97.20,TRADE
QLD1,2024/04/17 21:35:00,6789.39,99.99,TRADE
QLD1,2024/04/17 21:40:00,6748.27,95.56,TRADE
QLD1,2024/04/17 21:45:00,6762.71,95.02,TRADE
QLD1,2024/04/17 21:50:00,6723.06,94.50,TRADE
QLD1,2024/04/17 21:55:00,6646.6,93.96,TRADE
QLD1,2024/04/17 22:00:00,6667.62,87.42,TRADE
QLD1,2024/04/17 22:05:00,6594.85,96.27,TRADE
QLD1,2024/04/17 22:10:00,6595.04,100.54,TRADE
QLD1,2024/04/17 22:15:00,6540.07,108.74,TRADE
QLD1,2024/04/17 22:20:00,6543.81,115.75,TRADE
QLD1,2024/04/17 22:25:00,6510.03,102.89,TRADE
QLD1,2024/04/17 22:30:00,6411.57,100.55,TRADE
QLD1,2024/04/17 22:35:00,6336.59,100.55,TRADE
QLD1,2024/04/17 22:40:00,6498.69,111.53,TRADE
QLD1,2024/04/17 22:45:00,6423.59,107.46,TRADE
QLD1,2024/04/17 22:50:00,6354.3,100.24,TRADE
QLD1,2024/04/17 22:55:00,6331.54,100.55,TRADE
QLD1,2024/04/17 23:00:00,6309.55,100.55,TRADE
QLD1,2024/04/17 23:05:00,6220.99,103.18,TRADE
QLD1,2024/04/17 23:10:00,6195.95,124.52,TRADE
QLD1,2024/04/17 23:15:00,6246.02,120.37,TRADE
QLD1,2024/04/17 23:20:00,6173.78,106.30,TRADE
QLD1,2024/04/17 23:25:00,6208.05,111.91,TRADE
QLD1,2024/04/17 23:30:00,6101.53,105.10,TRADE
QLD1,2024/04/17 23:35:00,6054.98,100.55,TRADE
QLD1,2024/04/17 23:40:00,6023.58,101.85,TRADE
QLD1,2024/04/17 23:45:00,5991.07,102.90,TRADE
QLD1,2024/04/17 23:50:00,5977.8,99.87,TRADE
QLD1,2024/04/17 23:55:00,6017.44,104.15,TRADE
QLD1,2024/04/18 00:00:00,6017.52,123.98,TRADE
QLD1,2024/04/18 00:05:00,5980.89,142.13,TRADE
QLD1,2024/04/18 00:10:00,5887.65,140.95,TRADE
QLD1,2024/04/18 00:15:00,5865.96,140.42,TRADE
QLD1,2024/04/18 00:20:00,5800.39,102.60,TRADE
QLD1,2024/04/18 00:25:00,5823.21,100.55,TRADE
QLD1,2024/04/18 00:30:00,5795.35,105.18,TRADE
QLD1,2024/04/18 00:35:00,5857.55,115.34,TRADE
QLD1,2024/04/18 00:40:00,5757.72,106.26,TRADE
QLD1,2024/04/18 00:45:00,5707.85,100.55,TRADE
QLD1,2024/04/18 00:50:00,5714.49,100.55,TRADE
QLD1,2024/04/18 00:55:00,5728.46,100.55,TRADE
QLD1,2024/04/18 01:00:00,5696.31,100.55,TRADE
QLD1,2024/04/18 01:05:00,5688.08,97.27,TRADE
QLD1,2024/04/18 01:10:00,5650.82,95.37,TRADE
QLD1,2024/04/18 01:15:00,5695.86,100.16,TRADE
QLD1,2024/04/18 01:20:00,5691.88,99.50,TRADE
QLD1,2024/04/18 01:25:00,5712.53,99.47,TRADE
QLD1,2024/04/18 01:30:00,5673.91,89.23,TRADE
QLD1,2024/04/18 01:35:00,5690.87,100.55,TRADE
QLD1,2024/04/18 01:40:00,5648.23,97.57,TRADE
QLD1,2024/04/18 01:45:00,5716.1,91.78,TRADE
QLD1,2024/04/18 01:50:00,5645.32,85.75,TRADE
QLD1,2024/04/18 01:55:00,5668.52,85.55,TRADE
QLD1,2024/04/18 02:00:00,5647.57,85.55,TRADE
QLD1,2024/04/18 02:05:00,5625.09,94.70,TRADE
QLD1,2024/04/18 02:10:00,5648.62,98.35,TRADE
QLD1,2024/04/18 02:15:00,5640.93,97.66,TRADE
QLD1,2024/04/18 02:20:00,5643,93.50,TRADE
QLD1,2024/04/18 02:25:00,5614.95,97.54,TRADE
QLD1,2024/04/18 02:30:00,5572.35,93.27,TRADE
QLD1,2024/04/18 02:35:00,5558.97,96.81,TRADE
QLD1,2024/04/18 02:40:00,5620.68,98.19,TRADE
QLD1,2024/04/18 02:45:00,5621.7,98.18,TRADE
QLD1,2024/04/18 02:50:00,5647.06,98.21,TRADE
QLD1,2024/04/18 02:55:00,5546,85.75,TRADE
QLD1,2024/04/18 03:00:00,5578.35,94.94,TRADE
QLD1,2024/04/18 03:05:00,5633.1,98.24,TRADE
QLD1,2024/04/18 03:10:00,5631.11,99.10,TRADE
QLD1,2024/04/18 03:15:00,5585.74,97.52,TRADE
QLD1,2024/04/18 03:20:00,5544.48,85.75,TRADE
QLD1,2024/04/18 03:25:00,5555.5,97.75,TRADE
QLD1,2024/04/18 03:30:00,5537.13,96.81,TRADE
QLD1,2024/04/18 03:35:00,5602.06,85.75,TRADE
QLD1,2024/04/18 03:40:00,5555.27,96.81,TRADE
QLD1,2024/04/18 03:45:00,5567.12,96.80,TRADE
QLD1,2024/04/18 03:50:00,5605.81,97.76,TRADE
QLD1,2024/04/18 03:55:00,5634.37,100.55,TRADE
QLD1,2024/04/18 04:00:00,5610.01,100.55,TRADE
QLD1,2024/04/18 04:05:00,5576.22,79.42,TRADE
QLD1,2024/04/18 04:10:00,5626.26,98.25,TRADE
QLD1,2024/04/18 04:15:00,5520.69,96.82,TRADE
QLD1,2024/04/18 04:20:00,5647.93,98.95,TRADE
QLD1,2024/04/18 04:25:00,5639.6,100.65,TRADE
QLD1,2024/04/18 04:30:00,5633.35,98.91,TRADE
QLD1,2024/04/18 04:35:00,5618.55,85.55,TRADE
QLD1,2024/04/18 04:40:00,5648.87,96.95,TRADE
QLD1,2024/04/18 04:45:00,5698.73,85.55,TRADE
QLD1,2024/04/18 04:50:00,5712.39,85.55,TRADE
QLD1,2024/04/18 04:55:00,5729.39,85.75,TRADE
QLD1,2024/04/18 05:00:00,5744.5,100.75,TRADE
QLD1,2024/04/18 05:05:00,5814.06,99.39,TRADE
QLD1,2024/04/18 05:10:00,5947.51,106.75,TRADE
QLD1,2024/04/18 05:15:00,5857.59,104.61,TRADE
QLD1,2024/04/18 05:20:00,5866.36,103.49,TRADE
QLD1,2024/04/18 05:25:00,5883.93,104.59,TRADE
QLD1,2024/04/18 05:30:00,5934.34,106.10,TRADE
QLD1,2024/04/18 05:35:00,5942.67,98.91,TRADE
QLD1,2024/04/18 05:40:00,5919.66,98.24,TRADE
QLD1,2024/04/18 05:45:00,5978.52,102.31,TRADE
QLD1,2024/04/18 05:50:00,6024.72,118.27,TRADE
QLD1,2024/04/18 05:55:00,6043.95,153.13,TRADE
QLD1,2024/04/18 06:00:00,6072.97,152.47,TRADE
QLD1,2024/04/18 06:05:00,6125.68,125.34,TRADE
QLD1,2024/04/18 06:10:00,6242.62,150.20,TRADE
QLD1,2024/04/18 06:15:00,6374.45,156.29,TRADE
QLD1,2024/04/18 06:20:00,6430.4,193.22,TRADE
QLD1,2024/04/18 06:25:00,6484.14,183.64,TRADE
QLD1,2024/04/18 06:30:00,6494.6,157.79,TRADE
QLD1,2024/04/18 06:35:00,6552.46,169.01,TRADE
QLD1,2024/04/18 06:40:00,6611.48,161.62,TRADE
QLD1,2024/04/18 06:45:00,6619.85,277.46,TRADE
QLD1,2024/04/18 06:50:00,6709.43,261.55,TRADE
QLD1,2024/04/18 06:55:00,6642.94,261.55,TRADE
QLD1,2024/04/18 07:00:00,6595.74,228.05,TRADE
QLD1,2024/04/18 07:05:00,6617.03,140.28,TRADE
QLD1,2024/04/18 07:10:00,6688.06,171.01,TRADE
QLD1,2024/04/18 07:15:00,6696.1,171.91,TRADE
QLD1,2024/04/18 07:20:00,6687.99,132.79,TRADE
QLD1,2024/04/18 07:25:00,6680.45,228.05,TRADE
QLD1,2024/04/18 07:30:00,6710.38,133.33,TRADE
QLD1,2024/04/18 07:35:00,6663.78,100.23,TRADE
QLD1,2024/04/18 07:40:00,6696.02,103.01,TRADE
QLD1,2024/04/18 07:45:00,6692.92,132.86,TRADE
QLD1,2024/04/18 07:50:00,6638.68,100.75,TRADE
QLD1,2024/04/18 07:55:00,6562.81,94.79,TRADE
QLD1,2024/04/18 08:00:00,6577.33,91.84,TRADE
QLD1,2024/04/18 08:05:00,6521.91,125.78,TRADE
QLD1,2024/04/18 08:10:00,6478.9,93.94,TRADE
QLD1,2024/04/18 08:15:00,6461.77,103.13,TRADE
QLD1,2024/04/18 08:20:00,6359.58,97.54,TRADE
QLD1,2024/04/18 08:25:00,6353.72,72.11,TRADE
QLD1,2024/04/18 08:30:00,6299.82,59.55,TRADE
QLD1,2024/04/18 08:35:00,6301.48,62.73,TRADE
QLD1,2024/04/18 08:40:00,6198.25,62.73,TRADE
QLD1,2024/04/18 08:45:00,6187.07,62.73,TRADE
QLD1,2024/04/18 08:50:00,6203.43,70.08,TRADE
QLD1,2024/04/18 08:55:00,6111.82,59.55,TRADE
QLD1,2024/04/18 09:00:00,6080.35,68.89,TRADE
QLD1,2024/04/18 09:05:00,5936.58,63.10,TRADE
QLD1,2024/04/18 09:10:00,5909.73,59.75,TRADE
QLD1,2024/04/18 09:15:00,5908.69,69.73,TRADE
QLD1,2024/04/18 09:20:00,5777.82,-20.50,TRADE
QLD1,2024/04/18 09:25:00,5775.73,30.02,TRADE
QLD1,2024/04/18 09:30:00,5757.66,38.55,TRADE
QLD1,2024/04/18 09:35:00,5733.72,48.55,TRADE
QLD1,2024/04/18 09:40:00,5703.87,48.55,TRADE
QLD1,2024/04/18 09:45:00,5741.87,40.53,TRADE
QLD1,2024/04/18 09:50:00,5720.13,38.54,TRADE
QLD1,2024/04/18 09:55:00,5642.28,38.55,TRADE
QLD1,2024/04/18 10:00:00,5607.13,45.62,TRADE
QLD1,2024/04/18 10:05:00,5673.33,27.16,TRADE
QLD1,2024/04/18 10:10:00,5580.21,7.24,TRADE
QLD1,2024/04/18 10:15:00,5588.05,65.41,TRADE
QLD1,2024/04/18 10:20:00,5597.96,39.64,TRADE
QLD1,2024/04/18 10:25:00,5599.34,38.55,TRADE
QLD1,2024/04/18 10:30:00,5637.36,-10.74,TRADE
QLD1,2024/04/18 10:35:00,5616.11,34.55,TRADE
QLD1,2024/04/18 10:40:00,5746.73,96.09,TRADE
QLD1,2024/04/18 10:45:00,5674.74,38.93,TRADE
QLD1,2024/04/18 10:50:00,5618.53,27.81,TRADE
QLD1,2024/04/18 10:55:00,5703.35,15.95,TRADE
QLD1,2024/04/18 11:00:00,5649.26,33.04,TRADE
QLD1,2024/04/18 11:05:00,5626.09,59.75,TRADE
QLD1,2024/04/18 11:10:00,5710.42,34.55,TRADE
QLD1,2024/04/18 11:15:00,5723.9,-9.05,TRADE
QLD1,2024/04/18 11:20:00,5678.27,-8.81,TRADE
QLD1,2024/04/18 11:25:00,5741.81,33.30,TRADE
QLD1,2024/04/18 11:30:00,5719.28,36.90,TRADE
QLD1,2024/04/18 11:35:00,5736.7,33.17,TRADE
QLD1,2024/04/18 11:40:00,5794.84,39.98,TRADE
QLD1,2024/04/18 11:45:00,5823.9,33.89,TRADE
QLD1,2024/04/18 11:50:00,5791.44,34.55,TRADE
QLD1,2024/04/18 11:55:00,5856.68,34.16,TRADE
QLD1,2024/04/18 12:00:00,5794.94,18.16,TRADE
QLD1,2024/04/18 12:05:00,5854.94,20.73,TRADE
QLD1,2024/04/18 12:10:00,5847.24,49.33,TRADE
QLD1,2024/04/18 12:15:00,5887.46,38.77,TRADE
QLD1,2024/04/18 12:20:00,5857.05,23.93,TRADE
QLD1,2024/04/18 12:25:00,5878.6,34.55,TRADE
QLD1,2024/04/18 12:30:00,5790.87,-10.50,TRADE
QLD1,2024/04/18 12:35:00,5750.22,20.29,TRADE
QLD1,2024/04/18 12:40:00,5796.84,34.55,TRADE
QLD1,2024/04/18 12:45:00,5936.26,39.02,TRADE
QLD1,2024/04/18 12:50:00,5918.34,49.89,TRADE
QLD1,2024/04/18 12:55:00,5914.4,49.31,TRADE
QLD1,2024/04/18 13:00:00,5969.36,48.55,TRADE
QLD1,2024/04/18 13:05:00,6003.79,59.75,TRADE
QLD1,2024/04/18 13:10:00,6063.88,85.75,TRADE
QLD1,2024/04/18 13:15:00,6086.82,59.55,TRADE
QLD1,2024/04/18 13:20:00,6064.25,52.37,TRADE
QLD1,2024/04/18 13:25:00,6114.68,59.55,TRADE
QLD1,2024/04/18 13:30:00,6093.62,59.55,TRADE
QLD1,2024/04/18 13:35:00,6132.89,55.75,TRADE
QLD1,2024/04/18 13:40:00,6143.57,61.73,TRADE
QLD1,2024/04/18 13:45:00,6176.17,85.75,TRADE
QLD1,2024/04/18 13:50:00,6188.91,76.52,TRADE
QLD1,2024/04/18 13:55:00,6172.8,85.75,TRADE
QLD1,2024/04/18 14:00:00,6269.47,142.17,TRADE
QLD1,2024/04/18 14:05:00,6310.76,174.32,TRADE
QLD1,2024/04/18 14:10:00,6411.06,75.67,TRADE
QLD1,2024/04/18 14:15:00,6437.42,127.41,TRADE
QLD1,2024/04/18 14:20:00,6459.42,100.75,TRADE
QLD1,2024/04/18 14:25:00,6470.66,148.40,TRADE
QLD1,2024/04/18 14:30:00,6469.86,285.75,TRADE
QLD1,2024/04/18 14:35:00,6474.44,100.75,TRADE
QLD1,2024/04/18 14:40:00,6429.96,62.73,TRADE
QLD1,2024/04/18 14:45:00,6532.31,9.39,TRADE
QLD1,2024/04/18 14:50:00,6392.79,59.55,TRADE
QLD1,2024/04/18 14:55:00,6508.81,59.75,TRADE
QLD1,2024/04/18 15:00:00,6531.87,59.55,TRADE
QLD1,2024/04/18 15:05:00,6519.49,59.55,TRADE
QLD1,2024/04/18 15:10:00,6517.14,48.75,TRADE
QLD1,2024/04/18 15:15:00,6568.89,39.09,TRADE
QLD1,2024/04/18 15:20:00,6523.28,80.53,TRADE
QLD1,2024/04/18 15:25:00,6606.01,80.89,TRADE
QLD1,2024/04/18 15:30:00,6637.62,59.55,TRADE
QLD1,2024/04/18 15:35:00,6676.3,48.55,TRADE
QLD1,2024/04/18 15:40:00,6734.1,38.55,TRADE
QLD1,2024/04/18 15:45:00,6726.14,48.02,TRADE
QLD1,2024/04/18 15:50:00,6727.95,41.66,TRADE
QLD1,2024/04/18 15:55:00,6816.39,41.67,TRADE
QLD1,2024/04/18 16:00:00,6826.12,62.73,TRADE
QLD1,2024/04/18 16:05:00,6873.34,48.55,TRADE
QLD1,2024/04/18 16:10:00,6919.31,48.55,TRADE
QLD1,2024/04/18 16:15:00,6979.68,48.75,TRADE
QLD1,2024/04/18 16:20:00,7079.24,62.73,TRADE
QLD1,2024/04/18 16:25:00,7171.46,62.73,TRADE
QLD1,2024/04/18 16:30:00,7218.31,80.89,TRADE
QLD1,2024/04/18 16:35:00,7356.33,85.84,TRADE
QLD1,2024/04/18 16:40:00,7417.92,99.99,TRADE
QLD1,2024/04/18 16:45:00,7455.55,100.75,TRADE
QLD1,2024/04/18 16:50:00,7553.7,145.20,TRADE
QLD1,2024/04/18 16:55:00,7603.76,292.74,TRADE
QLD1,2024/04/18 17:00:00,7673.73,305.74,TRADE
QLD1,2024/04/18 17:05:00,7576.83,133.01,TRADE
QLD1,2024/04/18 17:10:00,7690.97,121.20,TRADE
QLD1,2024/04/18 17:15:00,7731.67,174.31,TRADE
QLD1,2024/04/18 17:20:00,7779.35,216.22,TRADE
QLD1,2024/04/18 17:25:00,7706.92,183.20,TRADE
QLD1,2024/04/18 17:30:00,7816.19,226.16,TRADE
QLD1,2024/04/18 17:35:00,7848.19,198.77,TRADE
QLD1,2024/04/18 17:40:00,7821.48,197.12,TRADE
QLD1,2024/04/18 17:45:00,7884.86,195.74,TRADE
QLD1,2024/04/18 17:50:00,8004.27,263.01,TRADE
QLD1,2024/04/18 17:55:00,7962.84,261.55,TRADE
QLD1,2024/04/18 18:00:00,7925.86,259.70,TRADE
QLD1,2024/04/18 18:05:00,7906.87,176.61,TRADE
QLD1,2024/04/18 18:10:00,7883.47,171.33,TRADE
QLD1,2024/04/18 18:15:00,7898.55,155.45,TRADE
QLD1,2024/04/18 18:20:00,7913.51,220.36,TRADE
QLD1,2024/04/18 18:25:00,7978.14,174.11,TRADE
QLD1,2024/04/18 18:30:00,7884.61,167.54,TRADE
QLD1,2024/04/18 18:35:00,7930.17,216.94,TRADE
QLD1,2024/04/18 18:40:00,7935.71,194.01,TRADE
QLD1,2024/04/18 18:45:00,7907.03,192.76,TRADE
QLD1,2024/04/18 18:50:00,7803.68,153.69,TRADE
QLD1,2024/04/18 18:55:00,7811.2,190.49,TRADE
QLD1,2024/04/18 19:00:00,7792.56,153.59,TRADE
QLD1,2024/04/18 19:05:00,7751.64,162.09,TRADE
QLD1,2024/04/18 19:10:00,7728.56,160.12,TRADE
QLD1,2024/04/18 19:15:00,7689.93,138.97,TRADE
QLD1,2024/04/18 19:20:00,7629.83,138.97,TRADE
QLD1,2024/04/18 19:25:00,7640.56,123.51,TRADE
QLD1,2024/04/18 19:30:00,7574.73,114.99,TRADE
QLD1,2024/04/18 19:35:00,7587.13,134.74,TRADE
QLD1,2024/04/18 19:40:00,7504.84,132.23,TRADE
QLD1,2024/04/18 19:45:00,7517.59,119.14,TRADE
QLD1,2024/04/18 19:50:00,7512.22,131.05,TRADE
QLD1,2024/04/18 19:55:00,7543.36,119.01,TRADE
QLD1,2024/04/18 20:00:00,7527.11,121.33,TRADE
QLD1,2024/04/18 20:05:00,7469.03,138.97,TRADE
QLD1,2024/04/18 20:10:00,7410.67,138.97,TRADE
QLD1,2024/04/18 20:15:00,7394.43,138.97,TRADE
QLD1,2024/04/18 20:20:00,7363.38,131.19,TRADE
QLD1,2024/04/18 20:25:00,7289.18,125.94,TRADE
QLD1,2024/04/18 20:30:00,7218.15,121.31,TRADE
QLD1,2024/04/18 20:35:00,7214.68,114.99,TRADE
QLD1,2024/04/18 20:40:00,7174,114.99,TRADE
QLD1,2024/04/18 20:45:00,7170.49,114.99,TRADE
QLD1,2024/04/18 20:50:00,7174.28,114.99,TRADE
QLD1,2024/04/18 20:55:00,7137.84,115.99,TRADE
QLD1,2024/04/18 21:00:00,7106.56,108.72,TRADE
QLD1,2024/04/18 21:05:00,7058.45,133.09,TRADE
QLD1,2024/04/18 21:10:00,7056.55,106.27,TRADE
QLD1,2024/04/18 21:15:00,6964.67,114.99,TRADE
QLD1,2024/04/18 21:20:00,6976.02,108.21,TRADE
QLD1,2024/04/18 21:25:00,6899.02,104.25,TRADE
QLD1,2024/04/18 21:30:00,6850.21,104.14,TRADE
QLD1,2024/04/18 21:35:00,6797.23,103.54,TRADE
QLD1,2024/04/18 21:40:00,6770.18,103.27,TRADE
QLD1,2024/04/18 21:45:00,6716.09,101.66,TRADE
QLD1,2024/04/18 21:50:00,6660.03,85.75,TRADE
QLD1,2024/04/18 21:55:00,6662.51,101.67,TRADE
QLD1,2024/04/18 22:00:00,6633.33,83.85,TRADE
QLD1,2024/04/18 22:05:00,6617.83,117.74,TRADE
QLD1,2024/04/18 22:10:00,6607.99,189.42,TRADE
QLD1,2024/04/18 22:15:00,6543.63,159.81,TRADE
QLD1,2024/04/18 22:20:00,6505.78,147.53,TRADE
QLD1,2024/04/18 22:25:00,6533.07,155.89,TRADE
QLD1,2024/04/18 22:30:00,6478.84,160.61,TRADE
QLD1,2024/04/18 22:35:00,6363.82,138.97,TRADE
QLD1,2024/04/18 22:40:00,6410.89,108.74,TRADE
QLD1,2024/04/18 22:45:00,6406.8,107.62,TRADE
QLD1,2024/04/18 22:50:00,6483.02,106.60,TRADE
QLD1,2024/04/18 22:55:00,6333.51,102.87,TRADE
QLD1,2024/04/18 23:00:00,6282.53,100.75,TRADE
QLD1,2024/04/18 23:05:00,6266.44,101.11,TRADE
QLD1,2024/04/18 23:10:00,6199.99,109.03,TRADE
QLD1,2024/04/18 23:15:00,6212.73,103.37,TRADE
QLD1,2024/04/18 23:20:00,6184.48,102.69,TRADE
QLD1,2024/04/18 23:25:00,6113.36,88.21,TRADE
QLD1,2024/04/18 23:30:00,6134.87,100.75,TRADE
QLD1,2024/04/18 23:35:00,6105.99,100.75,TRADE
QLD1,2024/04/18 23:40:00,6104.04,101.82,TRADE
QLD1,2024/04/18 23:45:00,5994.2,100.75,TRADE
QLD1,2024/04/18 23:50:00,6044.29,100.75,TRADE
QLD1,2024/04/18 23:55:00,5978.36,85.55,TRADE
QLD1,2024/04/19 00:00:00,5943.73,85.55,TRADE
QLD1,2024/04/19 00:05:00,5857.77,85.55,TRADE
QLD1,2024/04/19 00:10:00,5918.74,107.45,TRADE
QLD1,2024/04/19 00:15:00,5880.62,117.99,TRADE
QLD1,2024/04/19 00:20:00,5923.96,129.12,TRADE
QLD1,2024/04/19 00:25:00,5799.38,104.61,TRADE
QLD1,2024/04/19 00:30:00,5801.76,104.50,TRADE
QLD1,2024/04/19 00:35:00,5747.04,108.39,TRADE
QLD1,2024/04/19 00:40:00,5742.76,105.05,TRADE
QLD1,2024/04/19 00:45:00,5710.54,104.91,TRADE
QLD1,2024/04/19 00:50:00,5752.2,106.96,TRADE
QLD1,2024/04/19 00:55:00,5715.74,113.52,TRADE
QLD1,2024/04/19 01:00:00,5601.97,100.75,TRADE
QLD1,2024/04/19 01:05:00,5664.95,114.74,TRADE
QLD1,2024/04/19 01:10:00,5638.56,102.84,TRADE
QLD1,2024/04/19 01:15:00,5631.93,108.12,TRADE
QLD1,2024/04/19 01:20:00,5570.26,101.43,TRADE
QLD1,2024/04/19 01:25:00,5570.55,107.24,TRADE
QLD1,2024/04/19 01:30:00,5559.53,101.86,TRADE
QLD1,2024/04/19 01:35:00,5542.37,100.97,TRADE
QLD1,2024/04/19 01:40:00,5624.1,108.06,TRADE
QLD1,2024/04/19 01:45:00,5591.25,107.10,TRADE
QLD1,2024/04/19 01:50:00,5557.06,100.75,TRADE
QLD1,2024/04/19 01:55:00,5561.8,87.07,TRADE
QLD1,2024/04/19 02:00:00,5538.07,86.48,TRADE
QLD1,2024/04/19 02:05:00,5525.24,100.75,TRADE
QLD1,2024/04/19 02:10:00,5566.53,102.37,TRADE
QLD1,2024/04/19 02:15:00,5524.97,101.25,TRADE
QLD1,2024/04/19 02:20:00,5522.12,100.90,TRADE
QLD1,2024/04/19 02:25:00,5473.85,101.33,TRADE
QLD1,2024/04/19 02:30:00,5557.13,105.32,TRADE
QLD1,2024/04/19 02:35:00,5457.61,103.12,TRADE
QLD1,2024/04/19 02:40:00,5485.94,104.51,TRADE
QLD1,2024/04/19 02:45:00,5499.59,104.60,TRADE
QLD1,2024/04/19 02:50:00,5552.23,105.98,TRADE
QLD1,2024/04/19 02:55:00,5451.9,85.55,TRADE
QLD1,2024/04/19 03:00:00,5457.01,85.55,TRADE
QLD1,2024/04/19 03:05:00,5493.02,85.55,TRADE
QLD1,2024/04/19 03:10:00,5487.03,85.55,TRADE
QLD1,2024/04/19 03:15:00,5542.54,101.57,TRADE
QLD1,2024/04/19 03:20:00,5556.32,100.75,TRADE
QLD1,2024/04/19 03:25:00,5540.84,85.55,TRADE
QLD1,2024/04/19 03:30:00,5524.62,100.15,TRADE
QLD1,2024/04/19 03:35:00,5495.66,99.53,TRADE
QLD1,2024/04/19 03:40:00,5528.48,106.34,TRADE
QLD1,2024/04/19 03:45:00,5464.25,102.36,TRADE
QLD1,2024/04/19 03:50:00,5470.38,100.75,TRADE
QLD1,2024/04/19 03:55:00,5493.72,103.23,TRADE
QLD1,2024/04/19 04:00:00,5498.68,100.75,TRADE
QLD1,2024/04/19 04:05:00,5531.52,87.56,TRADE
QLD1,2024/04/19 04:10:00,5571.78,91.48,TRADE
QLD1,2024/04/19 04:15:00,5585.17,100.55,TRADE
QLD1,2024/04/19 04:20:00,5571.01,88.99,TRADE
QLD1,2024/04/19 04:25:00,5594.77,100.60,TRADE
QLD1,2024/04/19 04:30:00,5601.99,100.55,TRADE
QLD1,2024/04/19 04:35:00,5595.44,94.71,TRADE
QLD1,2024/04/19 04:40:00,5658.31,104.25,TRADE
QLD1,2024/04/19 04:45:00,5700.27,100.60,TRADE
QLD1,2024/04/19 04:50:00,5691.65,87.95,TRADE
QLD1,2024/04/19 04:55:00,5663.41,103.64,TRADE
QLD1,2024/04/19 05:00:00,5746.93,100.55,TRADE
QLD1,2024/04/19 05:05:00,5805.16,99.56,TRADE
QLD1,2024/04/19 05:10:00,5785.06,100.55,TRADE
QLD1,2024/04/19 05:15:00,5892.19,110.64,TRADE
QLD1,2024/04/19 05:20:00,5849.18,109.60,TRADE
QLD1,2024/04/19 05:25:00,5852.25,109.48,TRADE
QLD1,2024/04/19 05:30:00,5936.63,129.96,TRADE
QLD1,2024/04/19 05:35:00,5914.74,110,TRADE
QLD1,2024/04/19 05:40:00,5959.54,111.87,TRADE
QLD1,2024/04/19 05:45:00,6039.54,131.51,TRADE
QLD1,2024/04/19 05:50:00,6062.28,130.39,TRADE
QLD1,2024/04/19 05:55:00,6069.3,144.73,TRADE
QLD1,2024/04/19 06:00:00,6124.9,155.28,TRADE
QLD1,2024/04/19 06:05:00,6191.68,142.71,TRADE
QLD1,2024/04/19 06:10:00,6198.24,131.33,TRADE
QLD1,2024/04/19 06:15:00,6209.71,142.56,TRADE
QLD1,2024/04/19 06:20:00,6299.39,170.44,TRADE
QLD1,2024/04/19 06:25:00,6301.41,172.10,TRADE
QLD1,2024/04/19 06:30:00,6340.82,168.50,TRADE
QLD1,2024/04/19 06:35:00,6340.15,194.01,TRADE
QLD1,2024/04/19 06:40:00,6400.12,165.30,TRADE
QLD1,2024/04/19 06:45:00,6433.08,160.86,TRADE
QLD1,2024/04/19 06:50:00,6397.55,155.76,TRADE
QLD1,2024/04/19 06:55:00,6384.98,151.38,TRADE
QLD1,2024/04/19 07:00:00,6362.61,130.53,TRADE
QLD1,2024/04/19 07:05:00,6362.53,133.04,TRADE
QLD1,2024/04/19 07:10:00,6331.65,122.64,TRADE
QLD1,2024/04/19 07:15:00,6333.12,109.12,TRADE
QLD1,2024/04/19 07:20:00,6286.92,100.60,TRADE
QLD1,2024/04/19 07:25:00,6182.79,62.73,TRADE
QLD1,2024/04/19 07:30:00,6143.76,-14.37,TRADE
QLD1,2024/04/19 07:35:00,6252.6,59.75,TRADE
QLD1,2024/04/19 07:40:00,6118.51,59.60,TRADE
QLD1,2024/04/19 07:45:00,6038.81,31.88,TRADE
QLD1,2024/04/19 07:50:00,6033.96,31.88,TRADE
QLD1,2024/04/19 07:55:00,5973.36,31.88,TRADE
QLD1,2024/04/19 08:00:00,5889.49,0.49,TRADE
QLD1,2024/04/19 08:05:00,5817.92,23,TRADE
QLD1,2024/04/19 08:10:00,5780.64,31.88,TRADE
QLD1,2024/04/19 08:15:00,5696.97,34.75,TRADE
QLD1,2024/04/19 08:20:00,5652.37,-10.17,TRADE
QLD1,2024/04/19 08:25:00,5613.06,-20.50,TRADE
QLD1,2024/04/19 08:30:00,5571.81,22.37,TRADE
QLD1,2024/04/19 08:35:00,5461.86,8.37,TRADE
QLD1,2024/04/19 08:40:00,5428.13,0,TRADE
QLD1,2024/04/19 08:45:00,5341.59,-10.80,TRADE
QLD1,2024/04/19 08:50:00,5370.52,31.88,TRADE
QLD1,2024/04/19 08:55:00,5274.61,-20.50,TRADE
QLD1,2024/04/19 09:00:00,5214.75,-20.50,TRADE
QLD1,2024/04/19 09:05:00,5152.2,-20.50,TRADE
QLD1,2024/04/19 09:10:00,5127.05,-20.50,TRADE
QLD1,2024/04/19 09:15:00,5124.48,-20.50,TRADE
QLD1,2024/04/19 09:20:00,5085.81,-20.50,TRADE
QLD1,2024/04/19 09:25:00,4986.77,-20.50,TRADE
QLD1,2024/04/19 09:30:00,4948.81,-20.50,TRADE
QLD1,2024/04/19 09:35:00,4853.35,-20.50,TRADE
QLD1,2024/04/19 09:40:00,4791.21,-20.50,TRADE
QLD1,2024/04/19 09:45:00,4769.28,-25.40,TRADE
QLD1,2024/04/19 09:50:00,4801.08,-20.50,TRADE
QLD1,2024/04/19 09:55:00,4779.43,-25.40,TRADE
QLD1,2024/04/19 10:00:00,4768.21,-25.40,TRADE
QLD1,2024/04/19 10:05:00,4739.5,-25.40,TRADE
QLD1,2024/04/19 10:10:00,4772.53,-26.81,TRADE
QLD1,2024/04/19 10:15:00,4712.56,-31.18,TRADE
QLD1,2024/04/19 10:20:00,4693.68,-26.81,TRADE
QLD1,2024/04/19 10:25:00,4661.38,-36.57,TRADE
QLD1,2024/04/19 10:30:00,4658.96,-26.81,TRADE
QLD1,2024/04/19 10:35:00,4609.74,-35.82,TRADE
QLD1,2024/04/19 10:40:00,4654.21,-26.81,TRADE
QLD1,2024/04/19 10:45:00,4636.89,-26.81,TRADE
QLD1,2024/04/19 10:50:00,4636.03,-26.81,TRADE
QLD1,2024/04/19 10:55:00,4680.4,-35.82,TRADE
QLD1,2024/04/19 11:00:00,4631.25,-26.81,TRADE
QLD1,2024/04/19 11:05:00,4629.73,-44.09,TRADE
QLD1,2024/04/19 11:10:00,4676.39,-41.57,TRADE
QLD1,2024/04/19 11:15:00,4676.82,-38.56,TRADE
QLD1,2024/04/19 11:20:00,4648.76,-40.75,TRADE
QLD1,2024/04/19 11:25:00,4693.74,-36.57,TRADE
QLD1,2024/04/19 11:30:00,4621.14,-42.01,TRADE
QLD1,2024/04/19 11:35:00,4675.06,-44.81,TRADE
QLD1,2024/04/19 11:40:00,4701.59,-41.60,TRADE
QLD1,2024/04/19 11:45:00,4750.79,-35.82,TRADE
QLD1,2024/04/19 11:50:00,4635.17,-31.18,TRADE
QLD1,2024/04/19 11:55:00,4706.41,-41.57,TRADE
QLD1,2024/04/19 12:00:00,4673.16,-42.01,TRADE
QLD1,2024/04/19 12:05:00,4616.85,-45.01,TRADE
QLD1,2024/04/19 12:10:00,4727.29,-25.40,TRADE
QLD1,2024/04/19 12:15:00,4907.55,-20.50,TRADE
QLD1,2024/04/19 12:20:00,4829.61,-35.82,TRADE
QLD1,2024/04/19 12:25:00,4869.86,-25.40,TRADE
QLD1,2024/04/19 12:30:00,4857.68,-20.50,TRADE
QLD1,2024/04/19 12:35:00,4864.58,-25.40,TRADE
QLD1,2024/04/19 12:40:00,4966.99,-20.50,TRADE
QLD1,2024/04/19 12:45:00,4955,-20.50,TRADE
QLD1,2024/04/19 12:50:00,5006.5,-20.50,TRADE
QLD1,2024/04/19 12:55:00,4965.26,-20.50,TRADE
QLD1,2024/04/19 13:00:00,5014.24,-20.50,TRADE
QLD1,2024/04/19 13:05:00,4981.71,-20.50,TRADE
QLD1,2024/04/19 13:10:00,5070.69,-20.50,TRADE
QLD1,2024/04/19 13:15:00,5049.01,-10.80,TRADE
QLD1,2024/04/19 13:20:00,5010.63,-10,TRADE
QLD1,2024/04/19 13:25:00,5043.44,-20.50,TRADE
QLD1,2024/04/19 13:30:00,5142.25,-20.50,TRADE
QLD1,2024/04/19 13:35:00,5128.51,-20.50,TRADE
QLD1,2024/04/19 13:40:00,5153.89,-10,TRADE
QLD1,2024/04/19 13:45:00,5255.4,15.89,TRADE
QLD1,2024/04/19 13:50:00,5285.25,10.23,TRADE
QLD1,2024/04/19 13:55:00,5320.61,7.91,TRADE
QLD1,2024/04/19 14:00:00,5461.39,34.75,TRADE
QLD1,2024/04/19 14:05:00,5421.53,34.75,TRADE
QLD1,2024/04/19 14:10:00,5433.39,34.75,TRADE
QLD1,2024/04/19 14:15:00,5518.17,34.75,TRADE
QLD1,2024/04/19 14:20:00,5552.63,36.03,TRADE
QLD1,2024/04/19 14:25:00,5631.1,36.30,TRADE
QLD1,2024/04/19 14:30:00,5678.33,38.75,TRADE
QLD1,2024/04/19 14:35:00,5755.8,38.75,TRADE
QLD1,2024/04/19 14:40:00,5785.56,38.75,TRADE
QLD1,2024/04/19 14:45:00,5804.38,38.75,TRADE
QLD1,2024/04/19 14:50:00,5852.14,60.89,TRADE
QLD1,2024/04/19 14:55:00,5881.76,51.57,TRADE
QLD1,2024/04/19 15:00:00,6000.41,48.55,TRADE
QLD1,2024/04/19 15:05:00,6009.97,38.75,TRADE
QLD1,2024/04/19 15:10:00,6107.05,38.75,TRADE
QLD1,2024/04/19 15:15:00,6148.09,51.35,TRADE
QLD1,2024/04/19 15:20:00,6279.4,55.14,TRADE
QLD1,2024/04/19 15:25:00,6239.79,59.75,TRADE
QLD1,2024/04/19 15:30:00,6398.68,85.55,TRADE
QLD1,2024/04/19 15:35:00,6496.95,61.68,TRADE
QLD1,2024/04/19 15:40:00,6539.46,65.10,TRADE
QLD1,2024/04/19 15:45:00,6634.51,62.73,TRADE
QLD1,2024/04/19 15:50:00,6730.58,77.20,TRADE
QLD1,2024/04/19 15:55:00,6747.24,62.73,TRADE
QLD1,2024/04/19 16:00:00,6851.77,62.73,TRADE
QLD1,2024/04/19 16:05:00,6849.45,59.55,TRADE
QLD1,2024/04/19 16:10:00,7029.9,60.87,TRADE
QLD1,2024/04/19 16:15:00,7127.12,84.74,TRADE
QLD1,2024/04/19 16:20:00,7199.54,109.99,TRADE
QLD1,2024/04/19 16:25:00,7224.7,129.16,TRADE
QLD1,2024/04/19 16:30:00,7272.63,146.94,TRADE
QLD1,2024/04/19 16:35:00,7270.45,84.69,TRADE
QLD1,2024/04/19 16:40:00,7338.55,87.97,TRADE
QLD1,2024/04/19 16:45:00,7395.03,122.55,TRADE
QLD1,2024/04/19 16:50:00,7472.03,142.53,TRADE
QLD1,2024/04/19 16:55:00,7560.58,160.07,TRADE
QLD1,2024/04/19 17:00:00,7565.28,138.98,TRADE
QLD1,2024/04/19 17:05:00,7513.36,114.99,TRADE
QLD1,2024/04/19 17:10:00,7553.43,123.50,TRADE
QLD1,2024/04/19 17:15:00,7631.38,149.16,TRADE
QLD1,2024/04/19 17:20:00,7559.28,151.88,TRADE
QLD1,2024/04/19 17:25:00,7629.68,233.55,TRADE
QLD1,2024/04/19 17:30:00,7607.82,188.44,TRADE
QLD1,2024/04/19 17:35:00,7657.02,197.59,TRADE
QLD1,2024/04/19 17:40:00,7704.22,159.63,TRADE
QLD1,2024/04/19 17:45:00,7726.07,194.01,TRADE
QLD1,2024/04/19 17:50:00,7827.56,261.55,TRADE
QLD1,2024/04/19 17:55:00,7730.36,179.79,TRADE
QLD1,2024/04/19 18:00:00,7794.47,181.18,TRADE
QLD1,2024/04/19 18:05:00,7822.2,173.37,TRADE
QLD1,2024/04/19 18:10:00,7715.12,168.45,TRADE
QLD1,2024/04/19 18:15:00,7772.05,166.52,TRADE
QLD1,2024/04/19 18:20:00,7727.41,166.81,TRADE
QLD1,2024/04/19 18:25:00,7711.94,152.33,TRADE
QLD1,2024/04/19 18:30:00,7705.92,159.15,TRADE
QLD1,2024/04/19 18:35:00,7729.47,157.71,TRADE
QLD1,2024/04/19 18:40:00,7561.7,138.98,TRADE
QLD1,2024/04/19 18:45:00,7629.41,142.35,TRADE
QLD1,2024/04/19 18:50:00,7634.76,146.64,TRADE
QLD1,2024/04/19 18:55:00,7600.08,139.86,TRADE
QLD1,2024/04/19 19:00:00,7528.65,138.97,TRADE
QLD1,2024/04/19 19:05:00,7517.49,136.16,TRADE
QLD1,2024/04/19 19:10:00,7513.05,130.08,TRADE
QLD1,2024/04/19 19:15:00,7435.34,132.92,TRADE
QLD1,2024/04/19 19:20:00,7450.34,130.62,TRADE
QLD1,2024/04/19 19:25:00,7396.62,126.20,TRADE
QLD1,2024/04/19 19:30:00,7420.68,131.82,TRADE
QLD1,2024/04/19 19:35:00,7414.92,142.22,TRADE
QLD1,2024/04/19 19:40:00,7325.14,137.36,TRADE
QLD1,2024/04/19 19:45:00,7291.96,127.05,TRADE
QLD1,2024/04/19 19:50:00,7225.76,117.79,TRADE
QLD1,2024/04/19 19:55:00,7267.4,132.14,TRADE
QLD1,2024/04/19 20:00:00,7176.9,125.28,TRADE
QLD1,2024/04/19 20:05:00,7245.69,144.43,TRADE
QLD1,2024/04/19 20:10:00,7145.99,114.99,TRADE
QLD1,2024/04/19 20:15:00,7223.17,141.37,TRADE
QLD1,2024/04/19 20:20:00,7152.14,114.99,TRADE
QLD1,2024/04/19 20:25:00,7089.27,114.99,TRADE
QLD1,2024/04/19 20:30:00,7097.31,114.99,TRADE
QLD1,2024/04/19 20:35:00,7053.95,114.99,TRADE
QLD1,2024/04/19 20:40:00,7001.67,133.01,TRADE
QLD1,2024/04/19 20:45:00,6982.48,116.77,TRADE
QLD1,2024/04/19 20:50:00,6950.83,103.65,TRADE
QLD1,2024/04/19 20:55:00,6924.08,99.99,TRADE
QLD1,2024/04/19 21:00:00,6943.06,101.58,TRADE
QLD1,2024/04/19 21:05:00,6883.78,99.99,TRADE
QLD1,2024/04/19 21:10:00,6893.25,99.99,TRADE
QLD1,2024/04/19 21:15:00,6861.88,99.99,TRADE
QLD1,2024/04/19 21:20:00,6835.55,85.55,TRADE
QLD1,2024/04/19 21:25:00,6800.98,74.16,TRADE
QLD1,2024/04/19 21:30:00,6771.48,66.80,TRADE
QLD1,2024/04/19 21:35:00,6706.8,85.55,TRADE
QLD1,2024/04/19 21:40:00,6718.67,85.60,TRADE
QLD1,2024/04/19 21:45:00,6650.49,99.19,TRADE
QLD1,2024/04/19 21:50:00,6609.82,83.60,TRADE
QLD1,2024/04/19 21:55:00,6614.58,85.55,TRADE
QLD1,2024/04/19 22:00:00,6529.99,71.70,TRADE
QLD1,2024/04/19 22:05:00,6551.63,102.76,TRADE
QLD1,2024/04/19 22:10:00,6563.6,112.98,TRADE
QLD1,2024/04/19 22:15:00,6500.74,110.64,TRADE
QLD1,2024/04/19 22:20:00,6488.37,105.70,TRADE
QLD1,2024/04/19 22:25:00,6552.95,107.81,TRADE
QLD1,2024/04/19 22:30:00,6425.08,103.15,TRADE
QLD1,2024/04/19 22:35:00,6359.27,100.55,TRADE
QLD1,2024/04/19 22:40:00,6341.56,100.55,TRADE
QLD1,2024/04/19 22:45:00,6404.28,87.15,TRADE
QLD1,2024/04/19 22:50:00,6382.06,99.42,TRADE
QLD1,2024/04/19 22:55:00,6335.02,87.12,TRADE
QLD1,2024/04/19 23:00:00,6235.78,85.55,TRADE
QLD1,2024/04/19 23:05:00,6213.28,85.75,TRADE
QLD1,2024/04/19 23:10:00,6186.42,85.55,TRADE
QLD1,2024/04/19 23:15:00,6193.86,85.75,TRADE
QLD1,2024/04/19 23:20:00,6206.72,85.75,TRADE
QLD1,2024/04/19 23:25:00,6178.8,85.96,TRADE
QLD1,2024/04/19 23:30:00,6077.93,86.37,TRADE
QLD1,2024/04/19 23:35:00,6025.05,102.38,TRADE
QLD1,2024/04/19 23:40:00,5924.34,100.90,TRADE
QLD1,2024/04/19 23:45:00,6002.76,107.71,TRADE
QLD1,2024/04/19 23:50:00,5990.46,105.17,TRADE
QLD1,2024/04/19 23:55:00,6001.23,109.75,TRADE
QLD1,2024/04/20 00:00:00,5911.75,105.47,TRADE
QLD1,2024/04/20 00:05:00,5922.16,105.02,TRADE
QLD1,2024/04/20 00:10:00,5899.1,106.81,TRADE
QLD1,2024/04/20 00:15:00,5917.66,108.18,TRADE
QLD1,2024/04/20 00:20:00,5900.97,104.59,TRADE
QLD1,2024/04/20 00:25:00,5848.6,100.55,TRADE
QLD1,2024/04/20 00:30:00,5892.36,100.55,TRADE
QLD1,2024/04/20 00:35:00,5812.4,99.85,TRADE
QLD1,2024/04/20 00:40:00,5795.04,100.55,TRADE
QLD1,2024/04/20 00:45:00,5822,104.02,TRADE
QLD1,2024/04/20 00:50:00,5798.31,100.60,TRADE
QLD1,2024/04/20 00:55:00,5769.66,94.15,TRADE
QLD1,2024/04/20 01:00:00,5731.29,94.18,TRADE
QLD1,2024/04/20 01:05:00,5694.34,88.04,TRADE
QLD1,2024/04/20 01:10:00,5623.97,87.98,TRADE
QLD1,2024/04/20 01:15:00,5668.71,88.63,TRADE
QLD1,2024/04/20 01:20:00,5683.66,85.75,TRADE
QLD1,2024/04/20 01:25:00,5696.03,85.79,TRADE
QLD1,2024/04/20 01:30:00,5626.28,85.75,TRADE
QLD1,2024/04/20 01:35:00,5674.05,85.75,TRADE
QLD1,2024/04/20 01:40:00,5674.87,85.75,TRADE
QLD1,2024/04/20 01:45:00,5596.19,85.60,TRADE
QLD1,2024/04/20 01:50:00,5556.65,85.55,TRADE
QLD1,2024/04/20 01:55:00,5627.74,85.75,TRADE
QLD1,2024/04/20 02:00:00,5550.61,85.55,TRADE
QLD1,2024/04/20 02:05:00,5532.38,85.55,TRADE
QLD1,2024/04/20 02:10:00,5556.58,85.55,TRADE
QLD1,2024/04/20 02:15:00,5552.93,85.55,TRADE
QLD1,2024/04/20 02:20:00,5543.85,85.25,TRADE
QLD1,2024/04/20 02:25:00,5543.14,78.17,TRADE
QLD1,2024/04/20 02:30:00,5566.5,62.08,TRADE
QLD1,2024/04/20 02:35:00,5474.7,59.75,TRADE
QLD1,2024/04/20 02:40:00,5489.68,85.10,TRADE
QLD1,2024/04/20 02:45:00,5515.11,85.25,TRADE
QLD1,2024/04/20 02:50:00,5504.42,59.75,TRADE
QLD1,2024/04/20 02:55:00,5467.58,75.80,TRADE
QLD1,2024/04/20 03:00:00,5502.15,72.74,TRADE
QLD1,2024/04/20 03:05:00,5526.01,76.24,TRADE
QLD1,2024/04/20 03:10:00,5491.91,75.75,TRADE
QLD1,2024/04/20 03:15:00,5473.47,59.60,TRADE
QLD1,2024/04/20 03:20:00,5485.14,69.72,TRADE
QLD1,2024/04/20 03:25:00,5415.66,59.55,TRADE
QLD1,2024/04/20 03:30:00,5492.8,59.54,TRADE
QLD1,2024/04/20 03:35:00,5424.92,58.74,TRADE
QLD1,2024/04/20 03:40:00,5422.65,59.55,TRADE
QLD1,2024/04/20 03:45:00,5469.51,74.20,TRADE
QLD1,2024/04/20 03:50:00,5478.09,82.71,TRADE
QLD1,2024/04/20 03:55:00,5502.1,74.19,TRADE
QLD1,2024/04/20 04:00:00,5447.24,71.51,TRADE
QLD1,2024/04/20 04:05:00,5475.7,79.26,TRADE
QLD1,2024/04/20 04:10:00,5456.69,85.55,TRADE
QLD1,2024/04/20 04:15:00,5504.89,82.93,TRADE
QLD1,2024/04/20 04:20:00,5507.31,74.30,TRADE
QLD1,2024/04/20 04:25:00,5501.88,74.27,TRADE
QLD1,2024/04/20 04:30:00,5542.48,85.55,TRADE
QLD1,2024/04/20 04:35:00,5565.04,74.39,TRADE
QLD1,2024/04/20 04:40:00,5546.6,68.20,TRADE
QLD1,2024/04/20 04:45:00,5535.61,73.83,TRADE
QLD1,2024/04/20 04:50:00,5590.04,74.85,TRADE
QLD1,2024/04/20 04:55:00,5614.15,75.30,TRADE
QLD1,2024/04/20 05:00:00,5557.38,75.70,TRADE
QLD1,2024/04/20 05:05:00,5550.35,73.90,TRADE
QLD1,2024/04/20 05:10:00,5664.32,84.16,TRADE
QLD1,2024/04/20 05:15:00,5620.47,74.96,TRADE
QLD1,2024/04/20 05:20:00,5557.8,62.73,TRADE
QLD1,2024/04/20 05:25:00,5654.58,74.97,TRADE
QLD1,2024/04/20 05:30:00,5627.01,60.74,TRADE
QLD1,2024/04/20 05:35:00,5638.7,85.60,TRADE
QLD1,2024/04/20 05:40:00,5622.13,85.67,TRADE
QLD1,2024/04/20 05:45:00,5671.76,85.75,TRADE
QLD1,2024/04/20 05:50:00,5643.51,85.75,TRADE
QLD1,2024/04/20 05:55:00,5730.52,100.75,TRADE
QLD1,2024/04/20 06:00:00,5711.95,87.45,TRADE
QLD1,2024/04/20 06:05:00,5741.34,77.88,TRADE
QLD1,2024/04/20 06:10:00,5752.74,85.75,TRADE
QLD1,2024/04/20 06:15:00,5832.54,127.19,TRADE
QLD1,2024/04/20 06:20:00,5783.71,104.15,TRADE
QLD1,2024/04/20 06:25:00,5759.37,95.37,TRADE
QLD1,2024/04/20 06:30:00,5780.05,106.59,TRADE
QLD1,2024/04/20 06:35:00,5803.53,103.68,TRADE
QLD1,2024/04/20 06:40:00,5749.42,102.96,TRADE
QLD1,2024/04/20 06:45:00,5754.55,85.75,TRADE
QLD1,2024/04/20 06:50:00,5665.21,85.55,TRADE
QLD1,2024/04/20 06:55:00,5677.15,75.09,TRADE
QLD1,2024/04/20 07:00:00,5683.05,62.73,TRADE
QLD1,2024/04/20 07:05:00,5603,73.36,TRADE
QLD1,2024/04/20 07:10:00,5614.62,73.37,TRADE
QLD1,2024/04/20 07:15:00,5611.33,59.75,TRADE
QLD1,2024/04/20 07:20:00,5578.55,59.75,TRADE
QLD1,2024/04/20 07:25:00,5563.36,59.75,TRADE
QLD1,2024/04/20 07:30:00,5510.6,59.60,TRADE
QLD1,2024/04/20 07:35:00,5527.34,38.75,TRADE
QLD1,2024/04/20 07:40:00,5477.69,48.55,TRADE
QLD1,2024/04/20 07:45:00,5404.12,37.67,TRADE
QLD1,2024/04/20 07:50:00,5320.49,-1.02,TRADE
QLD1,2024/04/20 07:55:00,5323.51,31.74,TRADE
QLD1,2024/04/20 08:00:00,5253.95,24.14,TRADE
QLD1,2024/04/20 08:05:00,5243.36,34.60,TRADE
QLD1,2024/04/20 08:10:00,5289.84,38.82,TRADE
QLD1,2024/04/20 08:15:00,5262.16,38.75,TRADE
QLD1,2024/04/20 08:20:00,5257.69,31.88,TRADE
QLD1,2024/04/20 08:25:00,5337.09,36.78,TRADE
QLD1,2024/04/20 08:30:00,5307.53,38.55,TRADE
QLD1,2024/04/20 08:35:00,5090.53,23.81,TRADE
QLD1,2024/04/20 08:40:00,5019.95,33.66,TRADE
QLD1,2024/04/20 08:45:00,4936.82,22.43,TRADE
QLD1,2024/04/20 08:50:00,4926.97,28.74,TRADE
QLD1,2024/04/20 08:55:00,4893.43,31.68,TRADE
QLD1,2024/04/20 09:00:00,4868.06,34.55,TRADE
QLD1,2024/04/20 09:05:00,4810.12,32.90,TRADE
QLD1,2024/04/20 09:10:00,4838.81,34.55,TRADE
QLD1,2024/04/20 09:15:00,4826.19,-10,TRADE
QLD1,2024/04/20 09:20:00,4751.58,-10.50,TRADE
QLD1,2024/04/20 09:25:00,4736.16,-10.50,TRADE
QLD1,2024/04/20 09:30:00,4637.67,8.90,TRADE
QLD1,2024/04/20 09:35:00,4617.07,21.82,TRADE
QLD1,2024/04/20 09:40:00,4661.85,30.67,TRADE
QLD1,2024/04/20 09:45:00,4590.31,-10.40,TRADE
QLD1,2024/04/20 09:50:00,4595.02,0,TRADE
QLD1,2024/04/20 09:55:00,4486.42,-8.92,TRADE
QLD1,2024/04/20 10:00:00,4451.65,21.57,TRADE
QLD1,2024/04/20 10:05:00,4401.72,-7.68,TRADE
QLD1,2024/04/20 10:10:00,4526.68,-1.41,TRADE
QLD1,2024/04/20 10:15:00,4461.5,21.78,TRADE
QLD1,2024/04/20 10:20:00,4440.1,26.65,TRADE
QLD1,2024/04/20 10:25:00,4598.33,39.27,TRADE
QLD1,2024/04/20 10:30:00,4674.44,48.75,TRADE
QLD1,2024/04/20 10:35:00,4726.99,70.50,TRADE
QLD1,2024/04/20 10:40:00,4929.34,98,TRADE
QLD1,2024/04/20 10:45:00,5123.75,98,TRADE
QLD1,2024/04/20 10:50:00,5293.29,85.75,TRADE
QLD1,2024/04/20 10:55:00,5510,79.39,TRADE
QLD1,2024/04/20 11:00:00,5609.15,59.55,TRADE
QLD1,2024/04/20 11:05:00,5796.65,83.43,TRADE
QLD1,2024/04/20 11:10:00,5937.95,86.92,TRADE
QLD1,2024/04/20 11:15:00,6047.53,62.73,TRADE
QLD1,2024/04/20 11:20:00,6047.03,62.73,TRADE
QLD1,2024/04/20 11:25:00,6188.41,85.55,TRADE
QLD1,2024/04/20 11:30:00,6201.09,79.18,TRADE
QLD1,2024/04/20 11:35:00,6299.36,62.20,TRADE
QLD1,2024/04/20 11:40:00,6296.07,59.75,TRADE
QLD1,2024/04/20 11:45:00,6293.67,62.15,TRADE
QLD1,2024/04/20 11:50:00,6302.09,59.75,TRADE
QLD1,2024/04/20 11:55:00,6318.67,59.75,TRADE
QLD1,2024/04/20 12:00:00,6345.19,60.67,TRADE
QLD1,2024/04/20 12:05:00,6374.75,61.07,TRADE
QLD1,2024/04/20 12:10:00,6403.75,140.98,TRADE
QLD1,2024/04/20 12:15:00,6446.63,100.75,TRADE
QLD1,2024/04/20 12:20:00,6382.12,144.65,TRADE
QLD1,2024/04/20 12:25:00,6301.66,64.93,TRADE
QLD1,2024/04/20 12:30:00,6296.87,64.50,TRADE
QLD1,2024/04/20 12:35:00,6383.92,85.60,TRADE
QLD1,2024/04/20 12:40:00,6330.38,85.55,TRADE
QLD1,2024/04/20 12:45:00,6311.6,85.14,TRADE
QLD1,2024/04/20 12:50:00,6295.26,83.73,TRADE
QLD1,2024/04/20 12:55:00,6344.97,84.26,TRADE
QLD1,2024/04/20 13:00:00,6311.75,85.60,TRADE
QLD1,2024/04/20 13:05:00,6348.25,62.73,TRADE
QLD1,2024/04/20 13:10:00,6331.85,84.35,TRADE
QLD1,2024/04/20 13:15:00,6386.63,85.55,TRADE
QLD1,2024/04/20 13:20:00,6381.77,64.62,TRADE
QLD1,2024/04/20 13:25:00,6406.02,65.17,TRADE
QLD1,2024/04/20 13:30:00,6416.93,85.75,TRADE
QLD1,2024/04/20 13:35:00,6410.49,85.55,TRADE
QLD1,2024/04/20 13:40:00,6412.5,85.60,TRADE
QLD1,2024/04/20 13:45:00,6447.2,100.75,TRADE
QLD1,2024/04/20 13:50:00,6433.59,63.78,TRADE
QLD1,2024/04/20 13:55:00,6493.41,84.76,TRADE
QLD1,2024/04/20 14:00:00,6446.81,62.18,TRADE
QLD1,2024/04/20 14:05:00,6390.87,62.73,TRADE
QLD1,2024/04/20 14:10:00,6399.55,62.73,TRADE
QLD1,2024/04/20 14:15:00,6424.05,85.55,TRADE
QLD1,2024/04/20 14:20:00,6488.79,113.39,TRADE
QLD1,2024/04/20 14:25:00,6426.28,67.34,TRADE
QLD1,2024/04/20 14:30:00,6405.64,64.09,TRADE
QLD1,2024/04/20 14:35:00,6419.31,63.70,TRADE
QLD1,2024/04/20 14:40:00,6429.68,59.75,TRADE
QLD1,2024/04/20 14:45:00,6460.7,62.73,TRADE
QLD1,2024/04/20 14:50:00,6379.9,62.73,TRADE
QLD1,2024/04/20 14:55:00,6405.68,62.73,TRADE
QLD1,2024/04/20 15:00:00,6479.46,62.73,TRADE
QLD1,2024/04/20 15:05:00,6379.44,65.92,TRADE
QLD1,2024/04/20 15:10:00,6384.43,63.04,TRADE
QLD1,2024/04/20 15:15:00,6388.43,59.55,TRADE
QLD1,2024/04/20 15:20:00,6429.37,61.92,TRADE
QLD1,2024/04/20 15:25:00,6524.46,85.75,TRADE
QLD1,2024/04/20 15:30:00,6471.11,61.18,TRADE
QLD1,2024/04/20 15:35:00,6540.31,61.22,TRADE
QLD1,2024/04/20 15:40:00,6530.88,53.73,TRADE
QLD1,2024/04/20 15:45:00,6614.46,59.55,TRADE
QLD1,2024/04/20 15:50:00,6662.82,58.78,TRADE
QLD1,2024/04/20 15:55:00,6747.3,60.33,TRADE
QLD1,2024/04/20 16:00:00,6774.7,100.75,TRADE
QLD1,2024/04/20 16:05:00,6840.92,64.73,TRADE
QLD1,2024/04/20 16:10:00,6928.15,85.75,TRADE
QLD1,2024/04/20 16:15:00,6915.37,85.75,TRADE
QLD1,2024/04/20 16:20:00,6899.68,63.58,TRADE
QLD1,2024/04/20 16:25:00,6954.52,80.14,TRADE
QLD1,2024/04/20 16:30:00,6963.77,88.48,TRADE
QLD1,2024/04/20 16:35:00,6965.63,85.75,TRADE
QLD1,2024/04/20 16:40:00,7006.31,86.49,TRADE
QLD1,2024/04/20 16:45:00,7025.88,99.99,TRADE
QLD1,2024/04/20 16:50:00,7034.18,109.25,TRADE
QLD1,2024/04/20 16:55:00,7125.92,108.81,TRADE
QLD1,2024/04/20 17:00:00,7192.31,140.89,TRADE
QLD1,2024/04/20 17:05:00,7234.46,111.62,TRADE
QLD1,2024/04/20 17:10:00,7241.45,112.52,TRADE
QLD1,2024/04/20 17:15:00,7294.87,122.31,TRADE
QLD1,2024/04/20 17:20:00,7312.83,136.14,TRADE
QLD1,2024/04/20 17:25:00,7292.56,138.98,TRADE
QLD1,2024/04/20 17:30:00,7342.06,261.61,TRADE
QLD1,2024/04/20 17:35:00,7338.59,277.69,TRADE
QLD1,2024/04/20 17:40:00,7304.37,172.67,TRADE
QLD1,2024/04/20 17:45:00,7299.44,166.15,TRADE
QLD1,2024/04/20 17:50:00,7286.44,173.18,TRADE
QLD1,2024/04/20 17:55:00,7352.31,261.52,TRADE
QLD1,2024/04/20 18:00:00,7401.13,144.61,TRADE
QLD1,2024/04/20 18:05:00,7444.84,211.15,TRADE
QLD1,2024/04/20 18:10:00,7274.79,132.05,TRADE
QLD1,2024/04/20 18:15:00,7304.26,134.14,TRADE
QLD1,2024/04/20 18:20:00,7276.72,130.53,TRADE
QLD1,2024/04/20 18:25:00,7311.54,120.56,TRADE
QLD1,2024/04/20 18:30:00,7292.41,126.68,TRADE
QLD1,2024/04/20 18:35:00,7238.65,116.25,TRADE
QLD1,2024/04/20 18:40:00,7228.87,114.99,TRADE
QLD1,2024/04/20 18:45:00,7182.81,99.99,TRADE
QLD1,2024/04/20 18:50:00,7238.13,100.75,TRADE
QLD1,2024/04/20 18:55:00,7221.78,112.99,TRADE
QLD1,2024/04/20 19:00:00,7202.33,114.99,TRADE
QLD1,2024/04/20 19:05:00,7102.31,106.37,TRADE
QLD1,2024/04/20 19:10:00,7133.44,113.17,TRADE
QLD1,2024/04/20 19:15:00,6986.35,100.75,TRADE
QLD1,2024/04/20 19:20:00,7032.77,110.39,TRADE
QLD1,2024/04/20 19:25:00,7016.11,100.75,TRADE
QLD1,2024/04/20 19:30:00,6972.94,100.75,TRADE
QLD1,2024/04/20 19:35:00,6974.43,100.75,TRADE
QLD1,2024/04/20 19:40:00,6940.19,111.08,TRADE
QLD1,2024/04/20 19:45:00,6931.82,106.94,TRADE
QLD1,2024/04/20 19:50:00,6888.14,100.75,TRADE
QLD1,2024/04/20 19:55:00,6875.59,89.44,TRADE
QLD1,2024/04/20 20:00:00,6865.49,85.75,TRADE
QLD1,2024/04/20 20:05:00,6810.64,99.99,TRADE
QLD1,2024/04/20 20:10:00,6825.71,105.44,TRADE
QLD1,2024/04/20 20:15:00,6727.91,99.99,TRADE
QLD1,2024/04/20 20:20:00,6724.77,99.99,TRADE
QLD1,2024/04/20 20:25:00,6664.85,85.58,TRADE
QLD1,2024/04/20 20:30:00,6600.41,85.75,TRADE
QLD1,2024/04/20 20:35:00,6636.26,87.13,TRADE
QLD1,2024/04/20 20:40:00,6582.12,85.75,TRADE
QLD1,2024/04/20 20:45:00,6676.49,85.75,TRADE
QLD1,2024/04/20 20:50:00,6615.29,75.58,TRADE
QLD1,2024/04/20 20:55:00,6555.08,76.64,TRADE
QLD1,2024/04/20 21:00:00,6517.43,84.99,TRADE
QLD1,2024/04/20 21:05:00,6567.29,86.64,TRADE
QLD1,2024/04/20 21:10:00,6595.31,99.99,TRADE
QLD1,2024/04/20 21:15:00,6531.7,88.63,TRADE
QLD1,2024/04/20 21:20:00,6514.83,87.70,TRADE
QLD1,2024/04/20 21:25:00,6424.15,85.75,TRADE
QLD1,2024/04/20 21:30:00,6392.94,76.18,TRADE
QLD1,2024/04/20 21:35:00,6456.71,88.03,TRADE
QLD1,2024/04/20 21:40:00,6344.59,86.77,TRADE
QLD1,2024/04/20 21:45:00,6357.91,86.81,TRADE
QLD1,2024/04/20 21:50:00,6299.15,85.75,TRADE
QLD1,2024/04/20 21:55:00,6249.54,85.75,TRADE
QLD1,2024/04/20 22:00:00,6295.46,100.75,TRADE
QLD1,2024/04/20 22:05:00,6169.9,114.99,TRADE
QLD1,2024/04/20 22:10:00,6209.54,114.99,TRADE
QLD1,2024/04/20 22:15:00,6273.42,125,TRADE
QLD1,2024/04/20 22:20:00,6206.16,128.45,TRADE
QLD1,2024/04/20 22:25:00,6169.52,123.70,TRADE
QLD1,2024/04/20 22:30:00,6176.16,131.56,TRADE
QLD1,2024/04/20 22:35:00,6076.65,100.75,TRADE
QLD1,2024/04/20 22:40:00,6177.13,123.94,TRADE
QLD1,2024/04/20 22:45:00,6156.99,129.04,TRADE
QLD1,2024/04/20 22:50:00,6130.63,103.40,TRADE
QLD1,2024/04/20 22:55:00,6127.1,123.16,TRADE
QLD1,2024/04/20 23:00:00,6065.88,102.31,TRADE
QLD1,2024/04/20 23:05:00,6064.55,108.32,TRADE
QLD1,2024/04/20 23:10:00,5986.25,107.80,TRADE
QLD1,2024/04/20 23:15:00,5982.77,103.57,TRADE
QLD1,2024/04/20 23:20:00,5973.15,102.86,TRADE
QLD1,2024/04/20 23:25:00,5918.63,87.44,TRADE
QLD1,2024/04/20 23:30:00,5933.63,103.41,TRADE
QLD1,2024/04/20 23:35:00,5827.3,86.23,TRADE
QLD1,2024/04/20 23:40:00,5803.83,86.22,TRADE
QLD1,2024/04/20 23:45:00,5818.63,100.75,TRADE
QLD1,2024/04/20 23:50:00,5789.93,86.64,TRADE
QLD1,2024/04/20 23:55:00,5818.95,104.66,TRADE
QLD1,2024/04/21 00:00:00,5832.73,105.27,TRADE
QLD1,2024/04/21 00:05:00,5711.67,90.55,TRADE
QLD1,2024/04/21 00:10:00,5751.28,90.22,TRADE
QLD1,2024/04/21 00:15:00,5657.47,85.75,TRADE
QLD1,2024/04/21 00:20:00,5670.19,85.55,TRADE
QLD1,2024/04/21 00:25:00,5645.48,85.75,TRADE
QLD1,2024/04/21 00:30:00,5631.11,85.75,TRADE
QLD1,2024/04/21 00:35:00,5595.29,85.55,TRADE
QLD1,2024/04/21 00:40:00,5574.19,78.55,TRADE
QLD1,2024/04/21 00:45:00,5582.78,85.55,TRADE
QLD1,2024/04/21 00:50:00,5587.08,85.75,TRADE
QLD1,2024/04/21 00:55:00,5578.21,85.60,TRADE
QLD1,2024/04/21 01:00:00,5565.33,85.55,TRADE
QLD1,2024/04/21 01:05:00,5527.09,77.61,TRADE
QLD1,2024/04/21 01:10:00,5519,78.37,TRADE
QLD1,2024/04/21 01:15:00,5516.43,78.32,TRADE
QLD1,2024/04/21 01:20:00,5457.83,60.47,TRADE
QLD1,2024/04/21 01:25:00,5458.97,77.73,TRADE
QLD1,2024/04/21 01:30:00,5386.61,60.47,TRADE
QLD1,2024/04/21 01:35:00,5441.97,77.67,TRADE
QLD1,2024/04/21 01:40:00,5402.6,77.16,TRADE
QLD1,2024/04/21 01:45:00,5371.69,76.54,TRADE
QLD1,2024/04/21 01:50:00,5380.83,76.99,TRADE
QLD1,2024/04/21 01:55:00,5390.2,76.96,TRADE
QLD1,2024/04/21 02:00:00,5431.09,85.55,TRADE
QLD1,2024/04/21 02:05:00,5369.42,76.49,TRADE
QLD1,2024/04/21 02:10:00,5399.54,85.60,TRADE
QLD1,2024/04/21 02:15:00,5413.36,85.73,TRADE
QLD1,2024/04/21 02:20:00,5421.07,85.68,TRADE
QLD1,2024/04/21 02:25:00,5434.33,85.66,TRADE
QLD1,2024/04/21 02:30:00,5443.42,85.75,TRADE
QLD1,2024/04/21 02:35:00,5381.59,85.64,TRADE
QLD1,2024/04/21 02:40:00,5403.37,85.75,TRADE
QLD1,2024/04/21 02:45:00,5412.79,85.75,TRADE
QLD1,2024/04/21 02:50:00,5353.85,85.75,TRADE
QLD1,2024/04/21 02:55:00,5413.4,85.75,TRADE
QLD1,2024/04/21 03:00:00,5397.8,85.55,TRADE
QLD1,2024/04/21 03:05:00,5336.47,85.46,TRADE
QLD1,2024/04/21 03:10:00,5300.03,84.91,TRADE
QLD1,2024/04/21 03:15:00,5350.15,75.76,TRADE
QLD1,2024/04/21 03:20:00,5409.93,76.76,TRADE
QLD1,2024/04/21 03:25:00,5358.23,75.76,TRADE
QLD1,2024/04/21 03:30:00,5321.87,85.43,TRADE
QLD1,2024/04/21 03:35:00,5334.41,84.20,TRADE
QLD1,2024/04/21 03:40:00,5321.66,85.60,TRADE
QLD1,2024/04/21 03:45:00,5354.96,85.55,TRADE
QLD1,2024/04/21 03:50:00,5339.93,85.55,TRADE
QLD1,2024/04/21 03:55:00,5357.63,85.55,TRADE
QLD1,2024/04/21 04:00:00,5351.27,59.75,TRADE
QLD1,2024/04/21 04:05:00,5364,69.41,TRADE
QLD1,2024/04/21 04:10:00,5319.74,74,TRADE
QLD1,2024/04/21 04:15:00,5338.79,75.78,TRADE
QLD1,2024/04/21 04:20:00,5330.55,75.33,TRADE
QLD1,2024/04/21 04:25:00,5354.35,75.74,TRADE
QLD1,2024/04/21 04:30:00,5376.31,74.50,TRADE
QLD1,2024/04/21 04:35:00,5363.9,74.50,TRADE
QLD1,2024/04/21 04:40:00,5388.29,85.75,TRADE
QLD1,2024/04/21 04:45:00,5441.45,92.53,TRADE
QLD1,2024/04/21 04:50:00,5386.16,85.55,TRADE
QLD1,2024/04/21 04:55:00,5376.36,85.55,TRADE
QLD1,2024/04/21 05:00:00,5406.36,85.60,TRADE
QLD1,2024/04/21 05:05:00,5415.62,77.96,TRADE
QLD1,2024/04/21 05:10:00,5372.57,62.73,TRADE
QLD1,2024/04/21 05:15:00,5408.06,74.97,TRADE
QLD1,2024/04/21 05:20:00,5341.78,74.47,TRADE
QLD1,2024/04/21 05:25:00,5401.04,75.33,TRADE
QLD1,2024/04/21 05:30:00,5443.36,85.22,TRADE
QLD1,2024/04/21 05:35:00,5440.43,59.75,TRADE
QLD1,2024/04/21 05:40:00,5420.72,75.49,TRADE
QLD1,2024/04/21 05:45:00,5451.2,75.51,TRADE
QLD1,2024/04/21 05:50:00,5421.32,75.51,TRADE
QLD1,2024/04/21 05:55:00,5417.52,75.53,TRADE
QLD1,2024/04/21 06:00:00,5474.1,77.03,TRADE
QLD1,2024/04/21 06:05:00,5423.45,62.73,TRADE
QLD1,2024/04/21 06:10:00,5440.95,85.08,TRADE
QLD1,2024/04/21 06:15:00,5487.58,85.75,TRADE
QLD1,2024/04/21 06:20:00,5479.85,85.75,TRADE
QLD1,2024/04/21 06:25:00,5556.11,85.75,TRADE
QLD1,2024/04/21 06:30:00,5614.34,85.94,TRADE
QLD1,2024/04/21 06:35:00,5531.58,80.79,TRADE
QLD1,2024/04/21 06:40:00,5546.61,76.42,TRADE
QLD1,2024/04/21 06:45:00,5549.81,83.09,TRADE
QLD1,2024/04/21 06:50:00,5536.42,76.27,TRADE
QLD1,2024/04/21 06:55:00,5499.84,62.73,TRADE
QLD1,2024/04/21 07:00:00,5472.83,62.73,TRADE
QLD1,2024/04/21 07:05:00,5456.02,73.47,TRADE
QLD1,2024/04/21 07:10:00,5536.09,59.75,TRADE
QLD1,2024/04/21 07:15:00,5569.86,60.81,TRADE
QLD1,2024/04/21 07:20:00,5489.88,44.79,TRADE
QLD1,2024/04/21 07:25:00,5478.31,48.55,TRADE
QLD1,2024/04/21 07:30:00,5539.87,48.75,TRADE
QLD1,2024/04/21 07:35:00,5498.26,48.75,TRADE
QLD1,2024/04/21 07:40:00,5470.57,48.75,TRADE
QLD1,2024/04/21 07:45:00,5541.07,48.75,TRADE
QLD1,2024/04/21 07:50:00,5420.13,29.75,TRADE
QLD1,2024/04/21 07:55:00,5556.14,38.75,TRADE
QLD1,2024/04/21 08:00:00,5605.91,38.55,TRADE
QLD1,2024/04/21 08:05:00,5572.56,38.60,TRADE
QLD1,2024/04/21 08:10:00,5575.67,38.75,TRADE
QLD1,2024/04/21 08:15:00,5560.08,38.55,TRADE
QLD1,2024/04/21 08:20:00,5530.31,18.84,TRADE
QLD1,2024/04/21 08:25:00,5522.11,38.75,TRADE
QLD1,2024/04/21 08:30:00,5569.6,40.39,TRADE
QLD1,2024/04/21 08:35:00,5577.46,29.64,TRADE
QLD1,2024/04/21 08:40:00,5522.19,29.61,TRADE
QLD1,2024/04/21 08:45:00,5563.11,38.75,TRADE
QLD1,2024/04/21 08:50:00,5509.18,34.55,TRADE
QLD1,2024/04/21 08:55:00,5530.97,19.45,TRADE
QLD1,2024/04/21 09:00:00,5506.61,22.57,TRADE
QLD1,2024/04/21 09:05:00,5505.71,31.88,TRADE
QLD1,2024/04/21 09:10:00,5595.87,53.10,TRADE
QLD1,2024/04/21 09:15:00,5690.79,41.81,TRADE
QLD1,2024/04/21 09:20:00,5767.01,29.61,TRADE
QLD1,2024/04/21 09:25:00,5804.13,38.75,TRADE
QLD1,2024/04/21 09:30:00,5826.22,34.60,TRADE
QLD1,2024/04/21 09:35:00,5735.08,34.60,TRADE
QLD1,2024/04/21 09:40:00,5748.24,38.55,TRADE
QLD1,2024/04/21 09:45:00,5756.32,38.55,TRADE
QLD1,2024/04/21 09:50:00,5690.24,38.75,TRADE
QLD1,2024/04/21 09:55:00,5695.27,22.34,TRADE
QLD1,2024/04/21 10:00:00,5695.76,26.97,TRADE
QLD1,2024/04/21 10:05:00,5621.41,34.55,TRADE
QLD1,2024/04/21 10:10:00,5756.65,34.60,TRADE
QLD1,2024/04/21 10:15:00,5694.83,46.47,TRADE
QLD1,2024/04/21 10:20:00,5677.6,25.86,TRADE
QLD1,2024/04/21 10:25:00,5754.2,38.78,TRADE
QLD1,2024/04/21 10:30:00,5804.61,38.75,TRADE
QLD1,2024/04/21 10:35:00,5807.94,38.49,TRADE
QLD1,2024/04/21 10:40:00,5953.46,38.75,TRADE
QLD1,2024/04/21 10:45:00,5958.3,38.75,TRADE
QLD1,2024/04/21 10:50:00,5910.48,25.72,TRADE
QLD1,2024/04/21 10:55:00,5973.59,38.55,TRADE
QLD1,2024/04/21 11:00:00,5947.11,30.80,TRADE
QLD1,2024/04/21 11:05:00,5932.27,25.32,TRADE
QLD1,2024/04/21 11:10:00,6055.81,26.49,TRADE
QLD1,2024/04/21 11:15:00,6092.72,34.55,TRADE
QLD1,2024/04/21 11:20:00,6069.16,2.91,TRADE
QLD1,2024/04/21 11:25:00,6081.11,24.87,TRADE
QLD1,2024/04/21 11:30:00,6129.03,34.55,TRADE
QLD1,2024/04/21 11:35:00,6136.32,29.61,TRADE
QLD1,2024/04/21 11:40:00,6144.82,22.34,TRADE
QLD1,2024/04/21 11:45:00,6162.82,25.42,TRADE
QLD1,2024/04/21 11:50:00,6165.12,27.40,TRADE
QLD1,2024/04/21 11:55:00,6185.99,34.55,TRADE
QLD1,2024/04/21 12:00:00,6167.05,29.61,TRADE
QLD1,2024/04/21 12:05:00,6159.32,22.34,TRADE
QLD1,2024/04/21 12:10:00,6177.33,38.75,TRADE
QLD1,2024/04/21 12:15:00,6184.9,34.55,TRADE
QLD1,2024/04/21 12:20:00,6156.4,38.55,TRADE
QLD1,2024/04/21 12:25:00,6203.99,48.13,TRADE
QLD1,2024/04/21 12:30:00,6144.59,29.61,TRADE
QLD1,2024/04/21 12:35:00,6109.74,38.55,TRADE
QLD1,2024/04/21 12:40:00,6054.31,38.75,TRADE
QLD1,2024/04/21 12:45:00,6098.78,38.60,TRADE
QLD1,2024/04/21 12:50:00,6016.1,37.79,TRADE
QLD1,2024/04/21 12:55:00,5976.79,30.70,TRADE
QLD1,2024/04/21 13:00:00,6104.81,42.16,TRADE
QLD1,2024/04/21 13:05:00,5967.79,48.75,TRADE
QLD1,2024/04/21 13:10:00,6013.67,38.75,TRADE
QLD1,2024/04/21 13:15:00,6008.91,26.70,TRADE
QLD1,2024/04/21 13:20:00,6019.04,38.60,TRADE
QLD1,2024/04/21 13:25:00,6041.28,38.55,TRADE
QLD1,2024/04/21 13:30:00,6132.44,38.55,TRADE
QLD1,2024/04/21 13:35:00,6094.65,34.55,TRADE
QLD1,2024/04/21 13:40:00,6051.75,34.55,TRADE
QLD1,2024/04/21 13:45:00,6007.15,-10.80,TRADE
QLD1,2024/04/21 13:50:00,6026.29,13.34,TRADE
QLD1,2024/04/21 13:55:00,6003.2,23.62,TRADE
QLD1,2024/04/21 14:00:00,6001.92,25.89,TRADE
QLD1,2024/04/21 14:05:00,6052.76,34.55,TRADE
QLD1,2024/04/21 14:10:00,6033.74,59.77,TRADE
QLD1,2024/04/21 14:15:00,6024.28,34.60,TRADE
QLD1,2024/04/21 14:20:00,6038.55,22.34,TRADE
QLD1,2024/04/21 14:25:00,6112.34,34.55,TRADE
QLD1,2024/04/21 14:30:00,6056.04,43.10,TRADE
QLD1,2024/04/21 14:35:00,6093.16,34.55,TRADE
QLD1,2024/04/21 14:40:00,6159.74,29.61,TRADE
QLD1,2024/04/21 14:45:00,6109.09,34.55,TRADE
QLD1,2024/04/21 14:50:00,6184.94,58.48,TRADE
QLD1,2024/04/21 14:55:00,6181.94,43.01,TRADE
QLD1,2024/04/21 15:00:00,6189.36,38.75,TRADE
QLD1,2024/04/21 15:05:00,6215.64,48.55,TRADE
QLD1,2024/04/21 15:10:00,6231.56,48.55,TRADE
QLD1,2024/04/21 15:15:00,6316.91,38.75,TRADE
QLD1,2024/04/21 15:20:00,6333.47,50.58,TRADE
QLD1,2024/04/21 15:25:00,6405.64,137.10,TRADE
QLD1,2024/04/21 15:30:00,6417.47,65,TRADE
QLD1,2024/04/21 15:35:00,6470.88,48.75,TRADE
QLD1,2024/04/21 15:40:00,6507.87,58.32,TRADE
QLD1,2024/04/21 15:45:00,6565.8,59.80,TRADE
QLD1,2024/04/21 15:50:00,6562.13,97.62,TRADE
QLD1,2024/04/21 15:55:00,6642.2,100.75,TRADE
QLD1,2024/04/21 16:00:00,6705.55,86.37,TRADE
QLD1,2024/04/21 16:05:00,6769.17,59.75,TRADE
QLD1,2024/04/21 16:10:00,6833.56,80.76,TRADE
QLD1,2024/04/21 16:15:00,6850.36,85.75,TRADE
QLD1,2024/04/21 16:20:00,6851.77,85.41,TRADE
QLD1,2024/04/21 16:25:00,6890.47,99.99,TRADE
QLD1,2024/04/21 16:30:00,6978.49,124.14,TRADE
QLD1,2024/04/21 16:35:00,6952.7,99.99,TRADE
QLD1,2024/04/21 16:40:00,6928.23,92.99,TRADE
QLD1,2024/04/21 16:45:00,7060.11,113.07,TRADE
QLD1,2024/04/21 16:50:00,7086.62,196.86,TRADE
QLD1,2024/04/21 16:55:00,7099.15,119.31,TRADE
QLD1,2024/04/21 17:00:00,7200.85,283.26,TRADE
QLD1,2024/04/21 17:05:00,7214.93,128.25,TRADE
QLD1,2024/04/21 17:10:00,7209.38,117.34,TRADE
QLD1,2024/04/21 17:15:00,7312.4,131.61,TRADE
QLD1,2024/04/21 17:20:00,7357.54,170.14,TRADE
QLD1,2024/04/21 17:25:00,7332.54,174.90,TRADE
QLD1,2024/04/21 17:30:00,7373.05,215.18,TRADE
QLD1,2024/04/21 17:35:00,7453.68,215.03,TRADE
QLD1,2024/04/21 17:40:00,7474.16,162.35,TRADE
QLD1,2024/04/21 17:45:00,7484.37,222.33,TRADE
QLD1,2024/04/21 17:50:00,7523.46,293.78,TRADE
QLD1,2024/04/21 17:55:00,7524.09,293.94,TRADE
QLD1,2024/04/21 18:00:00,7516.38,274.75,TRADE
QLD1,2024/04/21 18:05:00,7605.83,217.14,TRADE
QLD1,2024/04/21 18:10:00,7569.67,181.31,TRADE
QLD1,2024/04/21 18:15:00,7512.25,177.19,TRADE
QLD1,2024/04/21 18:20:00,7547.76,170.77,TRADE
QLD1,2024/04/21 18:25:00,7489.08,182.49,TRADE
QLD1,2024/04/21 18:30:00,7478.68,169.82,TRADE
QLD1,2024/04/21 18:35:00,7553.26,173.79,TRADE
QLD1,2024/04/21 18:40:00,7480.87,138.98,TRADE
QLD1,2024/04/21 18:45:00,7383.3,133.01,TRADE
QLD1,2024/04/21 18:50:00,7361.49,138.98,TRADE
QLD1,2024/04/21 18:55:00,7320.85,126.80,TRADE
QLD1,2024/04/21 19:00:00,7293.98,124.90,TRADE
QLD1,2024/04/21 19:05:00,7318.94,126.50,TRADE
QLD1,2024/04/21 19:10:00,7265.38,123.79,TRADE
QLD1,2024/04/21 19:15:00,7230.15,120,TRADE
QLD1,2024/04/21 19:20:00,7238.26,120,TRADE
QLD1,2024/04/21 19:25:00,7168.2,118.43,TRADE
QLD1,2024/04/21 19:30:00,7161.41,119.47,TRADE
QLD1,2024/04/21 19:35:00,7071.04,115.45,TRADE
QLD1,2024/04/21 19:40:00,7017.38,101.49,TRADE
QLD1,2024/04/21 19:45:00,7081.12,103.53,TRADE
QLD1,2024/04/21 19:50:00,6992.04,101,TRADE
QLD1,2024/04/21 19:55:00,6956.65,114.99,TRADE
QLD1,2024/04/21 20:00:00,6892.55,114.99,TRADE
QLD1,2024/04/21 20:05:00,6890.77,120,TRADE
QLD1,2024/04/21 20:10:00,6868.4,117.37,TRADE
QLD1,2024/04/21 20:15:00,6844.64,120,TRADE
QLD1,2024/04/21 20:20:00,6861.06,120,TRADE
QLD1,2024/04/21 20:25:00,6774.65,101,TRADE
QLD1,2024/04/21 20:30:00,6690.45,99.99,TRADE
QLD1,2024/04/21 20:35:00,6696.58,100.75,TRADE
QLD1,2024/04/21 20:40:00,6704.2,119.95,TRADE
QLD1,2024/04/21 20:45:00,6620.38,100.75,TRADE
QLD1,2024/04/21 20:50:00,6617.25,100.75,TRADE
QLD1,2024/04/21 20:55:00,6645.99,100.75,TRADE
QLD1,2024/04/21 21:00:00,6622.99,99.99,TRADE
QLD1,2024/04/21 21:05:00,6559.25,127.02,TRADE
QLD1,2024/04/21 21:10:00,6581.49,109.53,TRADE
QLD1,2024/04/21 21:15:00,6553.04,100.75,TRADE
QLD1,2024/04/21 21:20:00,6497.14,100.42,TRADE
QLD1,2024/04/21 21:25:00,6391.91,87.03,TRADE
QLD1,2024/04/21 21:30:00,6418.33,100.75,TRADE
QLD1,2024/04/21 21:35:00,6399.67,100.75,TRADE
QLD1,2024/04/21 21:40:00,6355.85,100.75,TRADE
QLD1,2024/04/21 21:45:00,6323.61,100.76,TRADE
QLD1,2024/04/21 21:50:00,6305.69,100.75,TRADE
QLD1,2024/04/21 21:55:00,6233.77,99.99,TRADE
QLD1,2024/04/21 22:00:00,6187.6,99.99,TRADE
QLD1,2024/04/21 22:05:00,6114.95,86.38,TRADE
QLD1,2024/04/21 22:10:00,6201.36,101.75,TRADE
QLD1,2024/04/21 22:15:00,6182.31,103.36,TRADE
QLD1,2024/04/21 22:20:00,6229.83,106.36,TRADE
QLD1,2024/04/21 22:25:00,6099.14,100.75,TRADE
QLD1,2024/04/21 22:30:00,6089.18,104.53,TRADE
QLD1,2024/04/21 22:35:00,5982.76,101.50,TRADE
QLD1,2024/04/21 22:40:00,6055.7,104.66,TRADE
QLD1,2024/04/21 22:45:00,6012.72,100.75,TRADE
QLD1,2024/04/21 22:50:00,6098.39,101.12,TRADE
QLD1,2024/04/21 22:55:00,5946.66,89.73,TRADE
QLD1,2024/04/21 23:00:00,5914.45,99.97,TRADE
QLD1,2024/04/21 23:05:00,5874.98,100.75,TRADE
QLD1,2024/04/21 23:10:00,5855.77,131.66,TRADE
QLD1,2024/04/21 23:15:00,5831.5,121.98,TRADE
QLD1,2024/04/21 23:20:00,5799.17,100.75,TRADE
QLD1,2024/04/21 23:25:00,5832.11,100.75,TRADE
QLD1,2024/04/21 23:30:00,5740.45,83.14,TRADE
QLD1,2024/04/21 23:35:00,5731.04,99.13,TRADE
QLD1,2024/04/21 23:40:00,5731.47,119.54,TRADE
QLD1,2024/04/21 23:45:00,5728.71,107.68,TRADE
QLD1,2024/04/21 23:50:00,5710.02,99.51,TRADE
QLD1,2024/04/21 23:55:00,5679.8,98.72,TRADE
QLD1,2024/04/22 00:00:00,5660.92,91.11,TRADE
QLD1,2024/04/22 00:05:00,5617.45,104.92,TRADE
QLD1,2024/04/22 00:10:00,5687.3,100.75,TRADE
QLD1,2024/04/22 00:15:00,5655.61,89.95,TRADE
QLD1,2024/04/22 00:20:00,5577.35,85.75,TRADE
QLD1,2024/04/22 00:25:00,5547.09,82.85,TRADE
QLD1,2024/04/22 00:30:00,5570.09,85.60,TRADE
QLD1,2024/04/22 00:35:00,5499.98,82.46,TRADE
QLD1,2024/04/22 00:40:00,5472.05,82.46,TRADE
QLD1,2024/04/22 00:45:00,5462.96,83.05,TRADE
QLD1,2024/04/22 00:50:00,5495.69,83.56,TRADE
QLD1,2024/04/22 00:55:00,5464.95,71.89,TRADE
QLD1,2024/04/22 01:00:00,5442.12,71.40,TRADE
QLD1,2024/04/22 01:05:00,5426.97,71.34,TRADE
QLD1,2024/04/22 01:10:00,5358.56,71.53,TRADE
QLD1,2024/04/22 01:15:00,5408.95,72.45,TRADE
QLD1,2024/04/22 01:20:00,5430.49,74.78,TRADE
QLD1,2024/04/22 01:25:00,5432.73,60.33,TRADE
QLD1,2024/04/22 01:30:00,5396.31,71.12,TRADE
QLD1,2024/04/22 01:35:00,5437.79,72.82,TRADE
QLD1,2024/04/22 01:40:00,5398.94,72.77,TRADE
QLD1,2024/04/22 01:45:00,5403.5,73.22,TRADE
QLD1,2024/04/22 01:50:00,5382.18,72.71,TRADE
QLD1,2024/04/22 01:55:00,5371.01,80.32,TRADE
QLD1,2024/04/22 02:00:00,5320.43,71.25,TRADE
QLD1,2024/04/22 02:05:00,5374.66,85.75,TRADE
QLD1,2024/04/22 02:10:00,5378.49,85.75,TRADE
QLD1,2024/04/22 02:15:00,5351.18,81.81,TRADE
QLD1,2024/04/22 02:20:00,5408.64,85.75,TRADE
QLD1,2024/04/22 02:25:00,5381.36,81.83,TRADE
QLD1,2024/04/22 02:30:00,5309.96,80.70,TRADE
QLD1,2024/04/22 02:35:00,5331,81.26,TRADE
QLD1,2024/04/22 02:40:00,5328.99,85.75,TRADE
QLD1,2024/04/22 02:45:00,5333.01,85.75,TRADE
QLD1,2024/04/22 02:50:00,5367.84,81.31,TRADE
QLD1,2024/04/22 02:55:00,5326.7,69.90,TRADE
QLD1,2024/04/22 03:00:00,5327.15,71.05,TRADE
QLD1,2024/04/22 03:05:00,5316.28,80.18,TRADE
QLD1,2024/04/22 03:10:00,5314.33,85.75,TRADE
QLD1,2024/04/22 03:15:00,5388.37,81.30,TRADE
QLD1,2024/04/22 03:20:00,5383.49,85.75,TRADE
QLD1,2024/04/22 03:25:00,5397.16,85.75,TRADE
QLD1,2024/04/22 03:30:00,5416.09,82.38,TRADE
QLD1,2024/04/22 03:35:00,5431.9,87.37,TRADE
QLD1,2024/04/22 03:40:00,5398.06,81.84,TRADE
QLD1,2024/04/22 03:45:00,5322.41,78.49,TRADE
QLD1,2024/04/22 03:50:00,5391.79,85.75,TRADE
QLD1,2024/04/22 03:55:00,5457.1,83.02,TRADE
QLD1,2024/04/22 04:00:00,5409.09,82.49,TRADE
QLD1,2024/04/22 04:05:00,5442.82,82.54,TRADE
QLD1,2024/04/22 04:10:00,5463.24,80.22,TRADE
QLD1,2024/04/22 04:15:00,5497.29,85.75,TRADE
QLD1,2024/04/22 04:20:00,5446.76,83.68,TRADE
QLD1,2024/04/22 04:25:00,5468.92,85.75,TRADE
QLD1,2024/04/22 04:30:00,5458.05,88.65,TRADE
QLD1,2024/04/22 04:35:00,5568.66,85.75,TRADE
QLD1,2024/04/22 04:40:00,5526.12,87.46,TRADE
QLD1,2024/04/22 04:45:00,5545.49,80.91,TRADE
QLD1,2024/04/22 04:50:00,5498.63,82.57,TRADE
QLD1,2024/04/22 04:55:00,5564.43,83.25,TRADE
QLD1,2024/04/22 05:00:00,5555.72,88.65,TRADE
QLD1,2024/04/22 05:05:00,5612.51,83.88,TRADE
QLD1,2024/04/22 05:10:00,5662.06,89.90,TRADE
QLD1,2024/04/22 05:15:00,5689.06,90.39,TRADE
QLD1,2024/04/22 05:20:00,5696.03,99.82,TRADE
QLD1,2024/04/22 05:25:00,5714.21,94.42,TRADE
QLD1,2024/04/22 05:30:00,5810.87,99.34,TRADE
QLD1,2024/04/22 05:35:00,5845,87.67,TRADE
QLD1,2024/04/22 05:40:00,5850.78,93.81,TRADE
QLD1,2024/04/22 05:45:00,5890.86,98.35,TRADE
QLD1,2024/04/22 05:50:00,5900.9,100.75,TRADE
QLD1,2024/04/22 05:55:00,5955.3,103.15,TRADE
QLD1,2024/04/22 06:00:00,6051.63,106.96,TRADE
QLD1,2024/04/22 06:05:00,6048.73,104.82,TRADE
QLD1,2024/04/22 06:10:00,6127.22,135.28,TRADE
QLD1,2024/04/22 06:15:00,6192.74,132.40,TRADE
QLD1,2024/04/22 06:20:00,6299.12,141.76,TRADE
QLD1,2024/04/22 06:25:00,6313.58,137.56,TRADE
QLD1,2024/04/22 06:30:00,6340.74,142.88,TRADE
QLD1,2024/04/22 06:35:00,6340.73,140.43,TRADE
QLD1,2024/04/22 06:40:00,6359.24,142.56,TRADE
QLD1,2024/04/22 06:45:00,6318.35,263.01,TRADE
QLD1,2024/04/22 06:50:00,6398.78,166.85,TRADE
QLD1,2024/04/22 06:55:00,6329.58,129.97,TRADE
QLD1,2024/04/22 07:00:00,6413.32,160.41,TRADE
QLD1,2024/04/22 07:05:00,6431.75,190.74,TRADE
QLD1,2024/04/22 07:10:00,6440.27,85.75,TRADE
QLD1,2024/04/22 07:15:00,6458.64,85.75,TRADE
QLD1,2024/04/22 07:20:00,6458.23,59.75,TRADE
QLD1,2024/04/22 07:25:00,6425.79,49.89,TRADE
QLD1,2024/04/22 07:30:00,6326.83,46.13,TRADE
QLD1,2024/04/22 07:35:00,6342.03,43.98,TRADE
QLD1,2024/04/22 07:40:00,6271.04,38.75,TRADE
QLD1,2024/04/22 07:45:00,6257.39,36.04,TRADE
QLD1,2024/04/22 07:50:00,6185.78,18.84,TRADE
QLD1,2024/04/22 07:55:00,6097.52,-10.80,TRADE
QLD1,2024/04/22 08:00:00,6094.15,-10.02,TRADE
QLD1,2024/04/22 08:05:00,6033.03,-20.50,TRADE
QLD1,2024/04/22 08:10:00,6151.11,42.71,TRADE
QLD1,2024/04/22 08:15:00,5943.26,34.60,TRADE
QLD1,2024/04/22 08:20:00,5861.38,-10.80,TRADE
QLD1,2024/04/22 08:25:00,5860.29,34.55,TRADE
QLD1,2024/04/22 08:30:00,5740.82,2.31,TRADE
QLD1,2024/04/22 08:35:00,5744.76,-10.80,TRADE
QLD1,2024/04/22 08:40:00,5696.83,-20.50,TRADE
QLD1,2024/04/22 08:45:00,5625.91,-20.50,TRADE
QLD1,2024/04/22 08:50:00,5492.47,-20.50,TRADE
QLD1,2024/04/22 08:55:00,5433.54,-20.50,TRADE
QLD1,2024/04/22 09:00:00,5300.91,-41.57,TRADE
QLD1,2024/04/22 09:05:00,5289.62,-36.57,TRADE
QLD1,2024/04/22 09:10:00,5241.18,-41.57,TRADE
QLD1,2024/04/22 09:15:00,5282.76,-35.82,TRADE
QLD1,2024/04/22 09:20:00,5223.41,-41.60,TRADE
QLD1,2024/04/22 09:25:00,5245.9,-37.41,TRADE
QLD1,2024/04/22 09:30:00,5113.22,-45.01,TRADE
QLD1,2024/04/22 09:35:00,5126.18,-45.06,TRADE
QLD1,2024/04/22 09:40:00,5090.51,-42.01,TRADE
QLD1,2024/04/22 09:45:00,4968.97,-45.01,TRADE
QLD1,2024/04/22 09:50:00,4925.35,-45.34,TRADE
QLD1,2024/04/22 09:55:00,4906.77,-43.58,TRADE
QLD1,2024/04/22 10:00:00,4856.94,-45.06,TRADE
QLD1,2024/04/22 10:05:00,4873.95,-41.60,TRADE
QLD1,2024/04/22 10:10:00,5039.85,-37.41,TRADE
QLD1,2024/04/22 10:15:00,5138.25,-25.40,TRADE
QLD1,2024/04/22 10:20:00,5165.1,-25.40,TRADE
QLD1,2024/04/22 10:25:00,5262.26,-20.50,TRADE
QLD1,2024/04/22 10:30:00,5127.4,-25.40,TRADE
QLD1,2024/04/22 10:35:00,5039.5,-25.40,TRADE
QLD1,2024/04/22 10:40:00,5104.3,-20.50,TRADE
QLD1,2024/04/22 10:45:00,4944.74,-20.50,TRADE
QLD1,2024/04/22 10:50:00,4873.18,-20.50,TRADE
QLD1,2024/04/22 10:55:00,4898.75,-25.40,TRADE
QLD1,2024/04/22 11:00:00,4857.16,-20.50,TRADE
QLD1,2024/04/22 11:05:00,4845.17,-35.82,TRADE
QLD1,2024/04/22 11:10:00,4770.3,-35.82,TRADE
QLD1,2024/04/22 11:15:00,4845.33,-20.50,TRADE
QLD1,2024/04/22 11:20:00,4747,-25.40,TRADE
QLD1,2024/04/22 11:25:00,4865.3,-20.50,TRADE
QLD1,2024/04/22 11:30:00,4924.89,-12.86,TRADE
QLD1,2024/04/22 11:35:00,4895.19,-8.08,TRADE
QLD1,2024/04/22 11:40:00,4888.8,-20.50,TRADE
QLD1,2024/04/22 11:45:00,4995.88,-20.50,TRADE
QLD1,2024/04/22 11:50:00,4794.43,-20.50,TRADE
QLD1,2024/04/22 11:55:00,4759.06,-35,TRADE
QLD1,2024/04/22 12:00:00,4724.04,-35,TRADE
QLD1,2024/04/22 12:05:00,4693.72,-20.50,TRADE
QLD1,2024/04/22 12:10:00,4778.94,-20.50,TRADE
QLD1,2024/04/22 12:15:00,4795.85,-20.50,TRADE
QLD1,2024/04/22 12:20:00,4723.96,-20.50,TRADE
QLD1,2024/04/22 12:25:00,4723.93,-31.18,TRADE
QLD1,2024/04/22 12:30:00,4643.97,-29.50,TRADE
QLD1,2024/04/22 12:35:00,4707.26,-25.40,TRADE
QLD1,2024/04/22 12:40:00,4734.57,-36.57,TRADE
QLD1,2024/04/22 12:45:00,4767.1,-20.50,TRADE
QLD1,2024/04/22 12:50:00,4895.77,-31.18,TRADE
QLD1,2024/04/22 12:55:00,4866.68,-25.40,TRADE
QLD1,2024/04/22 13:00:00,4883.54,-35,TRADE
QLD1,2024/04/22 13:05:00,4965.98,-20.50,TRADE
QLD1,2024/04/22 13:10:00,4882.11,-25.40,TRADE
QLD1,2024/04/22 13:15:00,4952.63,-20.50,TRADE
QLD1,2024/04/22 13:20:00,4903.46,-20.50,TRADE
QLD1,2024/04/22 13:25:00,5005.93,-20.50,TRADE
QLD1,2024/04/22 13:30:00,5027.02,20.59,TRADE
QLD1,2024/04/22 13:35:00,5067.04,-10.80,TRADE
QLD1,2024/04/22 13:40:00,5126.88,0.61,TRADE
QLD1,2024/04/22 13:45:00,5152.04,34.55,TRADE
QLD1,2024/04/22 13:50:00,5154.16,34.55,TRADE
QLD1,2024/04/22 13:55:00,5215.57,35.37,TRADE
QLD1,2024/04/22 14:00:00,5296.18,38.15,TRADE
QLD1,2024/04/22 14:05:00,5349.39,51.48,TRADE
QLD1,2024/04/22 14:10:00,5408.29,38.55,TRADE
QLD1,2024/04/22 14:15:00,5502.47,48.75,TRADE
QLD1,2024/04/22 14:20:00,5598.01,52.94,TRADE
QLD1,2024/04/22 14:25:00,5572.02,38.75,TRADE
QLD1,2024/04/22 14:30:00,5630.64,38.55,TRADE
QLD1,2024/04/22 14:35:00,5568.24,16.48,TRADE
QLD1,2024/04/22 14:40:00,5615.65,38.55,TRADE
QLD1,2024/04/22 14:45:00,5607.37,38.55,TRADE
QLD1,2024/04/22 14:50:00,5716.87,37.17,TRADE
QLD1,2024/04/22 14:55:00,5746.43,38.55,TRADE
QLD1,2024/04/22 15:00:00,5790.81,36.74,TRADE
QLD1,2024/04/22 15:05:00,5854.92,38.75,TRADE
QLD1,2024/04/22 15:10:00,5984.88,51.76,TRADE
QLD1,2024/04/22 15:15:00,6041.69,51.80,TRADE
QLD1,2024/04/22 15:20:00,6153.15,59.75,TRADE
QLD1,2024/04/22 15:25:00,6164.29,60.11,TRADE
QLD1,2024/04/22 15:30:00,6352.63,85.75,TRADE
QLD1,2024/04/22 15:35:00,6419,59.55,TRADE
QLD1,2024/04/22 15:40:00,6481.59,54.06,TRADE
QLD1,2024/04/22 15:45:00,6602.4,79.96,TRADE
QLD1,2024/04/22 15:50:00,6653.21,113.11,TRADE
QLD1,2024/04/22 15:55:00,6753.48,166.30,TRADE
QLD1,2024/04/22 16:00:00,6786.82,81.48,TRADE
QLD1,2024/04/22 16:05:00,6791.22,134.21,TRADE
QLD1,2024/04/22 16:10:00,6863.26,95.81,TRADE
QLD1,2024/04/22 16:15:00,6989.39,122.07,TRADE
QLD1,2024/04/22 16:20:00,7048.64,137.77,TRADE
QLD1,2024/04/22 16:25:00,7039.91,137.07,TRADE
QLD1,2024/04/22 16:30:00,7125.8,263.69,TRADE
QLD1,2024/04/22 16:35:00,7144.89,143.39,TRADE
QLD1,2024/04/22 16:40:00,7195.64,183.49,TRADE
QLD1,2024/04/22 16:45:00,7157.26,131.38,TRADE
QLD1,2024/04/22 16:50:00,7237.84,138.98,TRADE
QLD1,2024/04/22 16:55:00,7379.47,269.54,TRADE
QLD1,2024/04/22 17:00:00,7331.79,271.46,TRADE
QLD1,2024/04/22 17:05:00,7395.41,179.52,TRADE
QLD1,2024/04/22 17:10:00,7401.84,271.67,TRADE
QLD1,2024/04/22 17:15:00,7409.55,214.82,TRADE
QLD1,2024/04/22 17:20:00,7531.25,274.46,TRADE
QLD1,2024/04/22 17:25:00,7564.46,276.47,TRADE
QLD1,2024/04/22 17:30:00,7607.57,280.55,TRADE
QLD1,2024/04/22 17:35:00,7608.12,280.71,TRADE
QLD1,2024/04/22 17:40:00,7667.19,280.82,TRADE
QLD1,2024/04/22 17:45:00,7688.66,282.89,TRADE
QLD1,2024/04/22 17:50:00,7776.82,287.22,TRADE
QLD1,2024/04/22 17:55:00,7796.95,287.26,TRADE
QLD1,2024/04/22 18:00:00,7801.87,287.48,TRADE
QLD1,2024/04/22 18:05:00,7775.54,283.77,TRADE
QLD1,2024/04/22 18:10:00,7661.44,259.02,TRADE
QLD1,2024/04/22 18:15:00,7720.45,216.29,TRADE
QLD1,2024/04/22 18:20:00,7749.75,262.40,TRADE
QLD1,2024/04/22 18:25:00,7693.2,213.54,TRADE
QLD1,2024/04/22 18:30:00,7641.49,162.60,TRADE
QLD1,2024/04/22 18:35:00,7675.02,168.73,TRADE
QLD1,2024/04/22 18:40:00,7650.15,160.46,TRADE
QLD1,2024/04/22 18:45:00,7645.71,132.10,TRADE
QLD1,2024/04/22 18:50:00,7611.43,144.61,TRADE
QLD1,2024/04/22 18:55:00,7583.24,133.01,TRADE
QLD1,2024/04/22 19:00:00,7538.04,147.94,TRADE
QLD1,2024/04/22 19:05:00,7531.57,140.80,TRADE
QLD1,2024/04/22 19:10:00,7493.04,133.01,TRADE
QLD1,2024/04/22 19:15:00,7481.04,122.17,TRADE
QLD1,2024/04/22 19:20:00,7434.07,116.43,TRADE
QLD1,2024/04/22 19:25:00,7378.16,115.75,TRADE
QLD1,2024/04/22 19:30:00,7411.6,115.75,TRADE
QLD1,2024/04/22 19:35:00,7382.8,115.75,TRADE
QLD1,2024/04/22 19:40:00,7285.26,115.55,TRADE
QLD1,2024/04/22 19:45:00,7251.84,120.71,TRADE
QLD1,2024/04/22 19:50:00,7251.03,117.46,TRADE
QLD1,2024/04/22 19:55:00,7197.89,115.75,TRADE
QLD1,2024/04/22 20:00:00,7159.47,114.99,TRADE
QLD1,2024/04/22 20:05:00,7197.51,117.44,TRADE
QLD1,2024/04/22 20:10:00,7250.58,118.66,TRADE
QLD1,2024/04/22 20:15:00,7235.48,117.73,TRADE
QLD1,2024/04/22 20:20:00,7269.15,118.45,TRADE
QLD1,2024/04/22 20:25:00,7244.42,114.99,TRADE
QLD1,2024/04/22 20:30:00,7242.97,114.99,TRADE
QLD1,2024/04/22 20:35:00,7179.87,123.24,TRADE
QLD1,2024/04/22 20:40:00,7149.14,120,TRADE
QLD1,2024/04/22 20:45:00,7110.71,119.99,TRADE
QLD1,2024/04/22 20:50:00,7051.3,116.42,TRADE
QLD1,2024/04/22 20:55:00,7087.21,101,TRADE
QLD1,2024/04/22 21:00:00,6993.7,99.99,TRADE
QLD1,2024/04/22 21:05:00,6989.76,114.99,TRADE
QLD1,2024/04/22 21:10:00,6969.12,114.99,TRADE
QLD1,2024/04/22 21:15:00,6959.98,120,TRADE
QLD1,2024/04/22 21:20:00,6851.8,100.88,TRADE
QLD1,2024/04/22 21:25:00,6836.1,100.91,TRADE
QLD1,2024/04/22 21:30:00,6781.77,100.90,TRADE
QLD1,2024/04/22 21:35:00,6691.15,101.50,TRADE
QLD1,2024/04/22 21:40:00,6741.95,109.16,TRADE
QLD1,2024/04/22 21:45:00,6696.54,103.01,TRADE
QLD1,2024/04/22 21:50:00,6677.54,99.99,TRADE
QLD1,2024/04/22 21:55:00,6627.21,97.73,TRADE
QLD1,2024/04/22 22:00:00,6677.79,99.99,TRADE
QLD1,2024/04/22 22:05:00,6745.38,107.35,TRADE
QLD1,2024/04/22 22:10:00,6720.6,124.20,TRADE
QLD1,2024/04/22 22:15:00,6647,130.27,TRADE
QLD1,2024/04/22 22:20:00,6701.16,133.77,TRADE
QLD1,2024/04/22 22:25:00,6642.26,116.46,TRADE
QLD1,2024/04/22 22:30:00,6457.37,109.89,TRADE
QLD1,2024/04/22 22:35:00,6402.76,102.55,TRADE
QLD1,2024/04/22 22:40:00,6520.67,118.61,TRADE
QLD1,2024/04/22 22:45:00,6426.74,115.83,TRADE
QLD1,2024/04/22 22:50:00,6411.68,114.62,TRADE
QLD1,2024/04/22 22:55:00,6360.59,101,TRADE
QLD1,2024/04/22 23:00:00,6146.99,82.49,TRADE
QLD1,2024/04/22 23:05:00,6105.65,99.99,TRADE
QLD1,2024/04/22 23:10:00,6095,100.75,TRADE
QLD1,2024/04/22 23:15:00,6073.68,100.75,TRADE
QLD1,2024/04/22 23:20:00,6052.65,100.75,TRADE
QLD1,2024/04/22 23:25:00,6023.49,101.40,TRADE
QLD1,2024/04/22 23:30:00,5940.46,100.75,TRADE
QLD1,2024/04/22 23:35:00,5855.14,100.75,TRADE
QLD1,2024/04/22 23:40:00,5875.92,101.04,TRADE
QLD1,2024/04/22 23:45:00,5865.58,101.94,TRADE
QLD1,2024/04/22 23:50:00,5884.74,100.75,TRADE
QLD1,2024/04/22 23:55:00,5778.24,83.23,TRADE
QLD1,2024/04/23 00:00:00,5813.84,85.75,TRADE
QLD1,2024/04/23 00:05:00,5818.04,87.78,TRADE
QLD1,2024/04/23 00:10:00,5762.33,100.67,TRADE
QLD1,2024/04/23 00:15:00,5750.56,97.52,TRADE
QLD1,2024/04/23 00:20:00,5748.71,100.40,TRADE
QLD1,2024/04/23 00:25:00,5696.33,100.75,TRADE
QLD1,2024/04/23 00:30:00,5623.64,85.75,TRADE
QLD1,2024/04/23 00:35:00,5680.58,85.75,TRADE
QLD1,2024/04/23 00:40:00,5623.23,85.75,TRADE
QLD1,2024/04/23 00:45:00,5716.87,92.78,TRADE
QLD1,2024/04/23 00:50:00,5629.3,91.55,TRADE
QLD1,2024/04/23 00:55:00,5658.42,85.75,TRADE
QLD1,2024/04/23 01:00:00,5597.63,85.26,TRADE
QLD1,2024/04/23 01:05:00,5537.9,101.88,TRADE
QLD1,2024/04/23 01:10:00,5559.48,101.30,TRADE
QLD1,2024/04/23 01:15:00,5506.32,100.75,TRADE
QLD1,2024/04/23 01:20:00,5524.93,85.75,TRADE
QLD1,2024/04/23 01:25:00,5537.08,85.75,TRADE
QLD1,2024/04/23 01:30:00,5490.54,85.60,TRADE
QLD1,2024/04/23 01:35:00,5510.41,85.75,TRADE
QLD1,2024/04/23 01:40:00,5462.21,76.81,TRADE
QLD1,2024/04/23 01:45:00,5483.55,83.20,TRADE
QLD1,2024/04/23 01:50:00,5478.06,75.77,TRADE
QLD1,2024/04/23 01:55:00,5491.03,85.49,TRADE
QLD1,2024/04/23 02:00:00,5441.07,77.17,TRADE
QLD1,2024/04/23 02:05:00,5480.93,75.23,TRADE
QLD1,2024/04/23 02:10:00,5461.88,75.19,TRADE
QLD1,2024/04/23 02:15:00,5480.39,76.13,TRADE
QLD1,2024/04/23 02:20:00,5442.25,75.60,TRADE
QLD1,2024/04/23 02:25:00,5462.3,75.66,TRADE
QLD1,2024/04/23 02:30:00,5450.84,75.15,TRADE
QLD1,2024/04/23 02:35:00,5442.3,75.33,TRADE
QLD1,2024/04/23 02:40:00,5472.26,85.75,TRADE
QLD1,2024/04/23 02:45:00,5445.04,85.75,TRADE
QLD1,2024/04/23 02:50:00,5468.03,76.54,TRADE
QLD1,2024/04/23 02:55:00,5409.28,74.29,TRADE
QLD1,2024/04/23 03:00:00,5466.4,76.53,TRADE
QLD1,2024/04/23 03:05:00,5455.5,76.05,TRADE
QLD1,2024/04/23 03:10:00,5425.54,76,TRADE
QLD1,2024/04/23 03:15:00,5424.47,76.01,TRADE
QLD1,2024/04/23 03:20:00,5452.71,77.04,TRADE
QLD1,2024/04/23 03:25:00,5400.58,74.70,TRADE
QLD1,2024/04/23 03:30:00,5365.94,74.20,TRADE
QLD1,2024/04/23 03:35:00,5408.67,74.68,TRADE
QLD1,2024/04/23 03:40:00,5432.8,74.69,TRADE
QLD1,2024/04/23 03:45:00,5455.76,84.48,TRADE
QLD1,2024/04/23 03:50:00,5439.52,77.01,TRADE
QLD1,2024/04/23 03:55:00,5461.59,77.06,TRADE
QLD1,2024/04/23 04:00:00,5483.74,85.13,TRADE
QLD1,2024/04/23 04:05:00,5453.26,75.30,TRADE
QLD1,2024/04/23 04:10:00,5527.16,85.75,TRADE
QLD1,2024/04/23 04:15:00,5473.72,84.81,TRADE
QLD1,2024/04/23 04:20:00,5532.57,78.78,TRADE
QLD1,2024/04/23 04:25:00,5610.32,85.75,TRADE
QLD1,2024/04/23 04:30:00,5641.32,81.61,TRADE
QLD1,2024/04/23 04:35:00,5642.09,63.03,TRADE
QLD1,2024/04/23 04:40:00,5668.19,80.48,TRADE
QLD1,2024/04/23 04:45:00,5712.18,85.60,TRADE
QLD1,2024/04/23 04:50:00,5664.91,78.65,TRADE
QLD1,2024/04/23 04:55:00,5648.87,62.73,TRADE
QLD1,2024/04/23 05:00:00,5698.1,80,TRADE
QLD1,2024/04/23 05:05:00,5745.77,85.60,TRADE
QLD1,2024/04/23 05:10:00,5819.31,86.89,TRADE
QLD1,2024/04/23 05:15:00,5818.46,89.93,TRADE
QLD1,2024/04/23 05:20:00,5849.65,88.11,TRADE
QLD1,2024/04/23 05:25:00,5855.99,91.22,TRADE
QLD1,2024/04/23 05:30:00,5876.44,90.14,TRADE
QLD1,2024/04/23 05:35:00,5951.86,88.32,TRADE
QLD1,2024/04/23 05:40:00,5930.07,85.75,TRADE
QLD1,2024/04/23 05:45:00,6067.09,85.75,TRADE
QLD1,2024/04/23 05:50:00,6079.45,90.24,TRADE
QLD1,2024/04/23 05:55:00,6112.07,93.81,TRADE
QLD1,2024/04/23 06:00:00,6143.1,96.01,TRADE
QLD1,2024/04/23 06:05:00,6256,93.51,TRADE
QLD1,2024/04/23 06:10:00,6239.35,100.75,TRADE
QLD1,2024/04/23 06:15:00,6341.15,121.35,TRADE
QLD1,2024/04/23 06:20:00,6413.28,144.50,TRADE
QLD1,2024/04/23 06:25:00,6420.23,156.39,TRADE
QLD1,2024/04/23 06:30:00,6386.37,122.42,TRADE
QLD1,2024/04/23 06:35:00,6396.82,117.22,TRADE
QLD1,2024/04/23 06:40:00,6313.23,100.75,TRADE
QLD1,2024/04/23 06:45:00,6319.69,114.36,TRADE
QLD1,2024/04/23 06:50:00,6405.52,120.33,TRADE
QLD1,2024/04/23 06:55:00,6377.46,108.15,TRADE
QLD1,2024/04/23 07:00:00,6427.59,78.74,TRADE
QLD1,2024/04/23 07:05:00,6430.71,100.75,TRADE
QLD1,2024/04/23 07:10:00,6399.66,78.27,TRADE
QLD1,2024/04/23 07:15:00,6385.17,85.75,TRADE
QLD1,2024/04/23 07:20:00,6338.5,59.55,TRADE
QLD1,2024/04/23 07:25:00,6279.66,59.75,TRADE
QLD1,2024/04/23 07:30:00,6300.67,49.40,TRADE
QLD1,2024/04/23 07:35:00,6287.78,29.89,TRADE
QLD1,2024/04/23 07:40:00,6177.9,35.30,TRADE
QLD1,2024/04/23 07:45:00,6179.96,23.12,TRADE
QLD1,2024/04/23 07:50:00,6146.71,23.36,TRADE
QLD1,2024/04/23 07:55:00,6065.97,23.90,TRADE
QLD1,2024/04/23 08:00:00,5987.03,21.09,TRADE
QLD1,2024/04/23 08:05:00,6009.99,46.21,TRADE
QLD1,2024/04/23 08:10:00,5925.33,46.09,TRADE
QLD1,2024/04/23 08:15:00,5943.48,48.75,TRADE
QLD1,2024/04/23 08:20:00,5916.34,50.85,TRADE
QLD1,2024/04/23 08:25:00,5783.58,14.21,TRADE
QLD1,2024/04/23 08:30:00,5730.09,20.05,TRADE
QLD1,2024/04/23 08:35:00,5690.74,37.21,TRADE
QLD1,2024/04/23 08:40:00,5625.24,38.55,TRADE
QLD1,2024/04/23 08:45:00,5597,38.55,TRADE
QLD1,2024/04/23 08:50:00,5639.31,38.55,TRADE
QLD1,2024/04/23 08:55:00,5539.1,22.78,TRADE
QLD1,2024/04/23 09:00:00,5530.56,20.35,TRADE
QLD1,2024/04/23 09:05:00,5388.56,19.94,TRADE
QLD1,2024/04/23 09:10:00,5410.82,31.71,TRADE
QLD1,2024/04/23 09:15:00,5352,34.55,TRADE
QLD1,2024/04/23 09:20:00,5305.8,13.18,TRADE
QLD1,2024/04/23 09:25:00,5318.76,29.61,TRADE
QLD1,2024/04/23 09:30:00,5287.4,11.77,TRADE
QLD1,2024/04/23 09:35:00,5210.98,23.62,TRADE
QLD1,2024/04/23 09:40:00,5233.57,38.75,TRADE
QLD1,2024/04/23 09:45:00,5217.85,10.17,TRADE
QLD1,2024/04/23 09:50:00,5143.15,10.13,TRADE
QLD1,2024/04/23 09:55:00,5164.39,11.86,TRADE
QLD1,2024/04/23 10:00:00,5161.81,10.44,TRADE
QLD1,2024/04/23 10:05:00,5131.93,9.84,TRADE
QLD1,2024/04/23 10:10:00,5132.3,1.11,TRADE
QLD1,2024/04/23 10:15:00,5245.41,-6.67,TRADE
QLD1,2024/04/23 10:20:00,5253.83,-8.24,TRADE
QLD1,2024/04/23 10:25:00,5349.86,0,TRADE
QLD1,2024/04/23 10:30:00,5327.92,9.85,TRADE
QLD1,2024/04/23 10:35:00,5234.49,9.98,TRADE
QLD1,2024/04/23 10:40:00,5266.96,-10.50,TRADE
QLD1,2024/04/23 10:45:00,5133.98,-20.50,TRADE
QLD1,2024/04/23 10:50:00,5151.11,-2.60,TRADE
QLD1,2024/04/23 10:55:00,5118.59,10.26,TRADE
QLD1,2024/04/23 11:00:00,5125.57,-20.50,TRADE
QLD1,2024/04/23 11:05:00,5031.87,-20.50,TRADE
QLD1,2024/04/23 11:10:00,5085.79,-12.92,TRADE
QLD1,2024/04/23 11:15:00,5049.11,-0.70,TRADE
QLD1,2024/04/23 11:20:00,5082.18,-31.18,TRADE
QLD1,2024/04/23 11:25:00,5132.59,-20.50,TRADE
QLD1,2024/04/23 11:30:00,5225.45,0,TRADE
QLD1,2024/04/23 11:35:00,5279.79,-20.50,TRADE
QLD1,2024/04/23 11:40:00,5189.06,-10,TRADE
QLD1,2024/04/23 11:45:00,5324.6,8.94,TRADE
QLD1,2024/04/23 11:50:00,5329.03,10.07,TRADE
QLD1,2024/04/23 11:55:00,5240.74,9.19,TRADE
QLD1,2024/04/23 12:00:00,5213.49,-1.60,TRADE
QLD1,2024/04/23 12:05:00,5187.33,-1.75,TRADE
QLD1,2024/04/23 12:10:00,5266.5,-10.50,TRADE
QLD1,2024/04/23 12:15:00,5188.09,7.66,TRADE
QLD1,2024/04/23 12:20:00,5049.41,-2.67,TRADE
QLD1,2024/04/23 12:25:00,5087.2,-2.64,TRADE
QLD1,2024/04/23 12:30:00,5102.64,-20.50,TRADE
QLD1,2024/04/23 12:35:00,5120.32,-11.15,TRADE
QLD1,2024/04/23 12:40:00,5104.47,-20.50,TRADE
QLD1,2024/04/23 12:45:00,5169.11,-11.25,TRADE
QLD1,2024/04/23 12:50:00,5092.14,-20.50,TRADE
QLD1,2024/04/23 12:55:00,5052.76,-20.50,TRADE
QLD1,2024/04/23 13:00:00,5076.29,0,TRADE
QLD1,2024/04/23 13:05:00,5129.63,-20.50,TRADE
QLD1,2024/04/23 13:10:00,5111,-20.50,TRADE
QLD1,2024/04/23 13:15:00,5113.42,32.05,TRADE
QLD1,2024/04/23 13:20:00,5093.59,-10.80,TRADE
QLD1,2024/04/23 13:25:00,5077.82,18.88,TRADE
QLD1,2024/04/23 13:30:00,5064.38,-35,TRADE
QLD1,2024/04/23 13:35:00,5137.79,-20.50,TRADE
QLD1,2024/04/23 13:40:00,5078.77,12.92,TRADE
QLD1,2024/04/23 13:45:00,5138.62,35.82,TRADE
QLD1,2024/04/23 13:50:00,5168.21,34.55,TRADE
QLD1,2024/04/23 13:55:00,5149.88,35.45,TRADE
QLD1,2024/04/23 14:00:00,5236.35,-10.80,TRADE
QLD1,2024/04/23 14:05:00,5221.06,38.75,TRADE
QLD1,2024/04/23 14:10:00,5346.86,38.75,TRADE
QLD1,2024/04/23 14:15:00,5333.93,38.75,TRADE
QLD1,2024/04/23 14:20:00,5429.5,43.89,TRADE
QLD1,2024/04/23 14:25:00,5497.07,38.75,TRADE
QLD1,2024/04/23 14:30:00,5525.76,48.55,TRADE
QLD1,2024/04/23 14:35:00,5578.03,-20.50,TRADE
QLD1,2024/04/23 14:40:00,5675.13,28.67,TRADE
QLD1,2024/04/23 14:45:00,5645.91,34.60,TRADE
QLD1,2024/04/23 14:50:00,5731.6,287.96,TRADE
QLD1,2024/04/23 14:55:00,5654.94,48.87,TRADE
QLD1,2024/04/23 15:00:00,5831.15,54.40,TRADE
QLD1,2024/04/23 15:05:00,5887.27,23.62,TRADE
QLD1,2024/04/23 15:10:00,6014.75,14.94,TRADE
QLD1,2024/04/23 15:15:00,6047.41,42.67,TRADE
QLD1,2024/04/23 15:20:00,6136.6,48.55,TRADE
QLD1,2024/04/23 15:25:00,6156.77,56.56,TRADE
QLD1,2024/04/23 15:30:00,6253.65,84.53,TRADE
QLD1,2024/04/23 15:35:00,6369.4,48.55,TRADE
QLD1,2024/04/23 15:40:00,6434.76,39.41,TRADE
QLD1,2024/04/23 15:45:00,6568.64,62.73,TRADE
QLD1,2024/04/23 15:50:00,6616.41,84.43,TRADE
QLD1,2024/04/23 15:55:00,6710.65,102.36,TRADE
QLD1,2024/04/23 16:00:00,6775.59,142.50,TRADE
QLD1,2024/04/23 16:05:00,6846.24,60.50,TRADE
QLD1,2024/04/23 16:10:00,6813.48,62.73,TRADE
QLD1,2024/04/23 16:15:00,6893.78,96.01,TRADE
QLD1,2024/04/23 16:20:00,6985.31,91.93,TRADE
QLD1,2024/04/23 16:25:00,7003.99,141.39,TRADE
QLD1,2024/04/23 16:30:00,7075.65,194.01,TRADE
QLD1,2024/04/23 16:35:00,7063.37,144.51,TRADE
QLD1,2024/04/23 16:40:00,7154.08,107.58,TRADE
QLD1,2024/04/23 16:45:00,7240.22,138.98,TRADE
QLD1,2024/04/23 16:50:00,7277.63,144.30,TRADE
QLD1,2024/04/23 16:55:00,7307.48,204.01,TRADE
QLD1,2024/04/23 17:00:00,7331.86,145.20,TRADE
QLD1,2024/04/23 17:05:00,7370.52,147.62,TRADE
QLD1,2024/04/23 17:10:00,7429.35,190.74,TRADE
QLD1,2024/04/23 17:15:00,7439.42,190.74,TRADE
QLD1,2024/04/23 17:20:00,7475.74,251.65,TRADE
QLD1,2024/04/23 17:25:00,7552.69,194.01,TRADE
QLD1,2024/04/23 17:30:00,7561.41,275.52,TRADE
QLD1,2024/04/23 17:35:00,7629.5,309.05,TRADE
QLD1,2024/04/23 17:40:00,7575.99,281.69,TRADE
QLD1,2024/04/23 17:45:00,7578.48,195.92,TRADE
QLD1,2024/04/23 17:50:00,7687.59,285.75,TRADE
QLD1,2024/04/23 17:55:00,7671.46,190.74,TRADE
QLD1,2024/04/23 18:00:00,7696.52,273.04,TRADE
QLD1,2024/04/23 18:05:00,7787.54,188.35,TRADE
QLD1,2024/04/23 18:10:00,7745.76,161.91,TRADE
QLD1,2024/04/23 18:15:00,7740.98,151,TRADE
QLD1,2024/04/23 18:20:00,7717.66,135.07,TRADE
QLD1,2024/04/23 18:25:00,7684.78,118.98,TRADE
QLD1,2024/04/23 18:30:00,7662.17,118,TRADE
QLD1,2024/04/23 18:35:00,7610.25,114.99,TRADE
QLD1,2024/04/23 18:40:00,7675.92,100.75,TRADE
QLD1,2024/04/23 18:45:00,7652.35,100.75,TRADE
QLD1,2024/04/23 18:50:00,7614.52,114.99,TRADE
QLD1,2024/04/23 18:55:00,7614.33,101,TRADE
QLD1,2024/04/23 19:00:00,7562.47,94.11,TRADE
QLD1,2024/04/23 19:05:00,7569.91,99.99,TRADE
QLD1,2024/04/23 19:10:00,7447.82,88.44,TRADE
QLD1,2024/04/23 19:15:00,7451.32,88.88,TRADE
QLD1,2024/04/23 19:20:00,7460.29,89.38,TRADE
QLD1,2024/04/23 19:25:00,7381.37,88.72,TRADE
QLD1,2024/04/23 19:30:00,7358.69,88.69,TRADE
QLD1,2024/04/23 19:35:00,7272.26,96.59,TRADE
QLD1,2024/04/23 19:40:00,7265.7,99.99,TRADE
QLD1,2024/04/23 19:45:00,7348.66,94.97,TRADE
QLD1,2024/04/23 19:50:00,7301.92,93.86,TRADE
QLD1,2024/04/23 19:55:00,7325.73,92.82,TRADE
QLD1,2024/04/23 20:00:00,7332.65,92.73,TRADE
QLD1,2024/04/23 20:05:00,7315.87,103.39,TRADE
QLD1,2024/04/23 20:10:00,7335.4,120.44,TRADE
QLD1,2024/04/23 20:15:00,7302.07,120.34,TRADE
QLD1,2024/04/23 20:20:00,7324.89,95.95,TRADE
QLD1,2024/04/23 20:25:00,7247.72,95.27,TRADE
QLD1,2024/04/23 20:30:00,7289.47,92.27,TRADE
QLD1,2024/04/23 20:35:00,7189.68,93.58,TRADE
QLD1,2024/04/23 20:40:00,7063,88.58,TRADE
QLD1,2024/04/23 20:45:00,7124.67,93.20,TRADE
QLD1,2024/04/23 20:50:00,7056.98,63.27,TRADE
QLD1,2024/04/23 20:55:00,6979.97,62.73,TRADE
QLD1,2024/04/23 21:00:00,6959.66,62.99,TRADE
QLD1,2024/04/23 21:05:00,6894.13,62.99,TRADE
QLD1,2024/04/23 21:10:00,6892.67,62.99,TRADE
QLD1,2024/04/23 21:15:00,6832.81,62.99,TRADE
QLD1,2024/04/23 21:20:00,6850.98,62.99,TRADE
QLD1,2024/04/23 21:25:00,6829.38,62.99,TRADE
QLD1,2024/04/23 21:30:00,6789.52,62.99,TRADE
QLD1,2024/04/23 21:35:00,6764.7,77.27,TRADE
QLD1,2024/04/23 21:40:00,6662.34,76.19,TRADE
QLD1,2024/04/23 21:45:00,6574.55,62.73,TRADE
QLD1,2024/04/23 21:50:00,6650.94,62.99,TRADE
QLD1,2024/04/23 21:55:00,6558.05,61.39,TRADE
QLD1,2024/04/23 22:00:00,6525.23,60.33,TRADE
QLD1,2024/04/23 22:05:00,6442.01,62.73,TRADE
QLD1,2024/04/23 22:10:00,6493.35,74.49,TRADE
QLD1,2024/04/23 22:15:00,6495.53,77.70,TRADE
QLD1,2024/04/23 22:20:00,6396.28,78.11,TRADE
QLD1,2024/04/23 22:25:00,6315.41,76.24,TRADE
QLD1,2024/04/23 22:30:00,6338.29,79.50,TRADE
QLD1,2024/04/23 22:35:00,6327.76,87.77,TRADE
QLD1,2024/04/23 22:40:00,6227.59,79.36,TRADE
QLD1,2024/04/23 22:45:00,6234.48,79.33,TRADE
QLD1,2024/04/23 22:50:00,6261.1,100.75,TRADE
QLD1,2024/04/23 22:55:00,6205.36,79.32,TRADE
QLD1,2024/04/23 23:00:00,6123.06,62.73,TRADE
QLD1,2024/04/23 23:05:00,6073.25,62.73,TRADE
QLD1,2024/04/23 23:10:00,6131.49,79.14,TRADE
QLD1,2024/04/23 23:15:00,6151.66,101.66,TRADE
QLD1,2024/04/23 23:20:00,6107.39,91.85,TRADE
QLD1,2024/04/23 23:25:00,6067.75,83.77,TRADE
QLD1,2024/04/23 23:30:00,6004.35,90.76,TRADE
QLD1,2024/04/23 23:35:00,5965.54,81.11,TRADE
QLD1,2024/04/23 23:40:00,5987.17,87.14,TRADE
QLD1,2024/04/23 23:45:00,5931.21,77.04,TRADE
QLD1,2024/04/23 23:50:00,5835.91,61.15,TRADE
QLD1,2024/04/23 23:55:00,5917.68,62.73,TRADE
QLD1,2024/04/24 00:00:00,5837.94,61.14,TRADE
QLD1,2024/04/24 00:05:00,5882.17,62.53,TRADE
QLD1,2024/04/24 00:10:00,5838.83,59.55,TRADE
QLD1,2024/04/24 00:15:00,5868.04,59.57,TRADE
QLD1,2024/04/24 00:20:00,5734.96,58.76,TRADE
QLD1,2024/04/24 00:25:00,5751.61,49.88,TRADE
QLD1,2024/04/24 00:30:00,5786.18,57.73,TRADE
QLD1,2024/04/24 00:35:00,5651.58,48.75,TRADE
QLD1,2024/04/24 00:40:00,5644.45,55.81,TRADE
QLD1,2024/04/24 00:45:00,5702.94,56.51,TRADE
QLD1,2024/04/24 00:50:00,5635.12,48.75,TRADE
QLD1,2024/04/24 00:55:00,5690.46,56.45,TRADE
QLD1,2024/04/24 01:00:00,5622.97,55.72,TRADE
QLD1,2024/04/24 01:05:00,5568.17,57.71,TRADE
QLD1,2024/04/24 01:10:00,5656.53,58.51,TRADE
QLD1,2024/04/24 01:15:00,5526.79,48.75,TRADE
QLD1,2024/04/24 01:20:00,5568.53,48.75,TRADE
QLD1,2024/04/24 01:25:00,5555.69,49.19,TRADE
QLD1,2024/04/24 01:30:00,5525.25,48.75,TRADE
QLD1,2024/04/24 01:35:00,5573.63,51.86,TRADE
QLD1,2024/04/24 01:40:00,5561.12,49.16,TRADE
QLD1,2024/04/24 01:45:00,5524.59,49.05,TRADE
QLD1,2024/04/24 01:50:00,5553.1,51.48,TRADE
QLD1,2024/04/24 01:55:00,5515.14,48.75,TRADE
QLD1,2024/04/24 02:00:00,5502.88,48.55,TRADE
QLD1,2024/04/24 02:05:00,5568.97,57.13,TRADE
QLD1,2024/04/24 02:10:00,5587.81,57.15,TRADE
QLD1,2024/04/24 02:15:00,5471.75,48.75,TRADE
QLD1,2024/04/24 02:20:00,5525.1,56.68,TRADE
QLD1,2024/04/24 02:25:00,5534.37,48.75,TRADE
QLD1,2024/04/24 02:30:00,5488.6,48.60,TRADE
QLD1,2024/04/24 02:35:00,5521.27,48.75,TRADE
QLD1,2024/04/24 02:40:00,5451.62,48.55,TRADE
QLD1,2024/04/24 02:45:00,5436.47,38.75,TRADE
QLD1,2024/04/24 02:50:00,5479.05,48.55,TRADE
QLD1,2024/04/24 02:55:00,5471.58,38.75,TRADE
QLD1,2024/04/24 03:00:00,5467.01,38.75,TRADE
QLD1,2024/04/24 03:05:00,5512.2,39.72,TRADE
QLD1,2024/04/24 03:10:00,5487.15,39.73,TRADE
QLD1,2024/04/24 03:15:00,5463.79,48.55,TRADE
QLD1,2024/04/24 03:20:00,5455.07,48.55,TRADE
QLD1,2024/04/24 03:25:00,5399.66,48.60,TRADE
QLD1,2024/04/24 03:30:00,5521.16,48.75,TRADE
QLD1,2024/04/24 03:35:00,5504.62,48.75,TRADE
QLD1,2024/04/24 03:40:00,5550.29,56.66,TRADE
QLD1,2024/04/24 03:45:00,5611.59,56.71,TRADE
QLD1,2024/04/24 03:50:00,5566.46,49.31,TRADE
QLD1,2024/04/24 03:55:00,5527.06,48.75,TRADE
QLD1,2024/04/24 04:00:00,5538.32,48.75,TRADE
QLD1,2024/04/24 04:05:00,5589.38,48.75,TRADE
QLD1,2024/04/24 04:10:00,5560.12,48.75,TRADE
QLD1,2024/04/24 04:15:00,5593.18,48.75,TRADE
QLD1,2024/04/24 04:20:00,5579.34,49.91,TRADE
QLD1,2024/04/24 04:25:00,5669.63,59.55,TRADE
QLD1,2024/04/24 04:30:00,5701.67,59.55,TRADE
QLD1,2024/04/24 04:35:00,5645.09,59.55,TRADE
QLD1,2024/04/24 04:40:00,5693.41,59.34,TRADE
QLD1,2024/04/24 04:45:00,5657.25,53.73,TRADE
QLD1,2024/04/24 04:50:00,5649.09,53.73,TRADE
QLD1,2024/04/24 04:55:00,5717.39,59.60,TRADE
QLD1,2024/04/24 05:00:00,5742.23,59.75,TRADE
QLD1,2024/04/24 05:05:00,5690.44,53.73,TRADE
QLD1,2024/04/24 05:10:00,5717.49,59.60,TRADE
QLD1,2024/04/24 05:15:00,5853.17,61.48,TRADE
QLD1,2024/04/24 05:20:00,5772.34,59.75,TRADE
QLD1,2024/04/24 05:25:00,5853.91,59.75,TRADE
QLD1,2024/04/24 05:30:00,5922.81,61.54,TRADE
QLD1,2024/04/24 05:35:00,5965.68,62.73,TRADE
QLD1,2024/04/24 05:40:00,5911.24,61.46,TRADE
QLD1,2024/04/24 05:45:00,5981.75,82.12,TRADE
QLD1,2024/04/24 05:50:00,5954.54,63.50,TRADE
QLD1,2024/04/24 05:55:00,6057.79,83.86,TRADE
QLD1,2024/04/24 06:00:00,6082.74,84.62,TRADE
QLD1,2024/04/24 06:05:00,6117.56,88.82,TRADE
QLD1,2024/04/24 06:10:00,6260.72,93.40,TRADE
QLD1,2024/04/24 06:15:00,6292.56,100.75,TRADE
QLD1,2024/04/24 06:20:00,6326.68,119.37,TRADE
QLD1,2024/04/24 06:25:00,6375.16,138.98,TRADE
QLD1,2024/04/24 06:30:00,6444.76,262.38,TRADE
QLD1,2024/04/24 06:35:00,6377.02,100.75,TRADE
QLD1,2024/04/24 06:40:00,6420.5,100.75,TRADE
QLD1,2024/04/24 06:45:00,6405.21,116.90,TRADE
QLD1,2024/04/24 06:50:00,6376.3,86.10,TRADE
QLD1,2024/04/24 06:55:00,6392.12,113.57,TRADE
QLD1,2024/04/24 07:00:00,6400.91,78.33,TRADE
QLD1,2024/04/24 07:05:00,6396.04,80.82,TRADE
QLD1,2024/04/24 07:10:00,6371.17,62.73,TRADE
QLD1,2024/04/24 07:15:00,6383.78,59.55,TRADE
QLD1,2024/04/24 07:20:00,6482.34,75.66,TRADE
QLD1,2024/04/24 07:25:00,6432.33,59.75,TRADE
QLD1,2024/04/24 07:30:00,6347.74,76.22,TRADE
QLD1,2024/04/24 07:35:00,6362.64,59.75,TRADE
QLD1,2024/04/24 07:40:00,6264.77,59.75,TRADE
QLD1,2024/04/24 07:45:00,6258.4,52.95,TRADE
QLD1,2024/04/24 07:50:00,6152.95,48.55,TRADE
QLD1,2024/04/24 07:55:00,6111.09,48.75,TRADE
QLD1,2024/04/24 08:00:00,6026.89,48.75,TRADE
QLD1,2024/04/24 08:05:00,5958.02,39.89,TRADE
QLD1,2024/04/24 08:10:00,5927.31,43.15,TRADE
QLD1,2024/04/24 08:15:00,5818.93,38.75,TRADE
QLD1,2024/04/24 08:20:00,5747.89,34.79,TRADE
QLD1,2024/04/24 08:25:00,5661.92,31.88,TRADE
QLD1,2024/04/24 08:30:00,5569.99,31.88,TRADE
QLD1,2024/04/24 08:35:00,5517.7,34.55,TRADE
QLD1,2024/04/24 08:40:00,5441.12,18.84,TRADE
QLD1,2024/04/24 08:45:00,5373.3,-12.18,TRADE
QLD1,2024/04/24 08:50:00,5307.48,-20.50,TRADE
QLD1,2024/04/24 08:55:00,5267.42,-20.50,TRADE
QLD1,2024/04/24 09:00:00,5215.87,6.60,TRADE
QLD1,2024/04/24 09:05:00,5152.94,31.88,TRADE
QLD1,2024/04/24 09:10:00,5078.87,38.60,TRADE
QLD1,2024/04/24 09:15:00,5045.49,33.52,TRADE
QLD1,2024/04/24 09:20:00,5073.44,38.75,TRADE
QLD1,2024/04/24 09:25:00,5024.66,34.46,TRADE
QLD1,2024/04/24 09:30:00,4928.83,16.70,TRADE
QLD1,2024/04/24 09:35:00,4932.38,16.52,TRADE
QLD1,2024/04/24 09:40:00,4918.7,16.74,TRADE
QLD1,2024/04/24 09:45:00,4926.3,7.74,TRADE
QLD1,2024/04/24 09:50:00,4808.98,-20.50,TRADE
QLD1,2024/04/24 09:55:00,4661.19,-20.50,TRADE
QLD1,2024/04/24 10:00:00,4657.11,-10.80,TRADE
QLD1,2024/04/24 10:05:00,4665.72,-20.50,TRADE
QLD1,2024/04/24 10:10:00,4632.97,-20.50,TRADE
QLD1,2024/04/24 10:15:00,4588.2,-35,TRADE
QLD1,2024/04/24 10:20:00,4534.88,-25.40,TRADE
QLD1,2024/04/24 10:25:00,4681.59,-20.50,TRADE
QLD1,2024/04/24 10:30:00,4607.31,-35,TRADE
QLD1,2024/04/24 10:35:00,4622.25,-25.40,TRADE
QLD1,2024/04/24 10:40:00,4745.77,-20.50,TRADE
QLD1,2024/04/24 10:45:00,4831.5,-20.50,TRADE
QLD1,2024/04/24 10:50:00,4869.38,-20.50,TRADE
QLD1,2024/04/24 10:55:00,4937.05,38.75,TRADE
QLD1,2024/04/24 11:00:00,4798.11,11.37,TRADE
QLD1,2024/04/24 11:05:00,4837.48,-10.80,TRADE
QLD1,2024/04/24 11:10:00,4836.33,-10.80,TRADE
QLD1,2024/04/24 11:15:00,4817.49,-20.50,TRADE
QLD1,2024/04/24 11:20:00,4901.55,-20.50,TRADE
QLD1,2024/04/24 11:25:00,4900.54,0,TRADE
QLD1,2024/04/24 11:30:00,5022.91,49.48,TRADE
QLD1,2024/04/24 11:35:00,5064.06,39.01,TRADE
QLD1,2024/04/24 11:40:00,5127.11,48.60,TRADE
QLD1,2024/04/24 11:45:00,5111.43,34.55,TRADE
QLD1,2024/04/24 11:50:00,5007.95,19.61,TRADE
QLD1,2024/04/24 11:55:00,5103.56,38.75,TRADE
QLD1,2024/04/24 12:00:00,5051.17,38.75,TRADE
QLD1,2024/04/24 12:05:00,4997.76,19.94,TRADE
QLD1,2024/04/24 12:10:00,4899.98,19.89,TRADE
QLD1,2024/04/24 12:15:00,4825.01,19.87,TRADE
QLD1,2024/04/24 12:20:00,4823.08,19.13,TRADE
QLD1,2024/04/24 12:25:00,4858.28,17.18,TRADE
QLD1,2024/04/24 12:30:00,4878.94,15.62,TRADE
QLD1,2024/04/24 12:35:00,4948.82,34.55,TRADE
QLD1,2024/04/24 12:40:00,5021.23,49.80,TRADE
QLD1,2024/04/24 12:45:00,5078.51,44.43,TRADE
QLD1,2024/04/24 12:50:00,5140.82,38.55,TRADE
QLD1,2024/04/24 12:55:00,5194.37,38.75,TRADE
QLD1,2024/04/24 13:00:00,5120.37,33.70,TRADE
QLD1,2024/04/24 13:05:00,5176.69,33.84,TRADE
QLD1,2024/04/24 13:10:00,5211.65,42.64,TRADE
QLD1,2024/04/24 13:15:00,5311.1,37.02,TRADE
QLD1,2024/04/24 13:20:00,5395.41,38.75,TRADE
QLD1,2024/04/24 13:25:00,5427.98,38.55,TRADE
QLD1,2024/04/24 13:30:00,5430.81,38.75,TRADE
QLD1,2024/04/24 13:35:00,5389.55,51.58,TRADE
QLD1,2024/04/24 13:40:00,5463.84,48.55,TRADE
QLD1,2024/04/24 13:45:00,5457.23,48.55,TRADE
QLD1,2024/04/24 13:50:00,5559.71,-20.50,TRADE
QLD1,2024/04/24 13:55:00,5450.44,31.98,TRADE
QLD1,2024/04/24 14:00:00,5398.13,38.75,TRADE
QLD1,2024/04/24 14:05:00,5350.66,22.34,TRADE
QLD1,2024/04/24 14:10:00,5452.86,37.67,TRADE
QLD1,2024/04/24 14:15:00,5466.66,37.66,TRADE
QLD1,2024/04/24 14:20:00,5604.19,38.75,TRADE
QLD1,2024/04/24 14:25:00,5701.92,38.75,TRADE
QLD1,2024/04/24 14:30:00,5648.88,38.75,TRADE
QLD1,2024/04/24 14:35:00,5721.86,38.75,TRADE
QLD1,2024/04/24 14:40:00,5765.12,38.75,TRADE
QLD1,2024/04/24 14:45:00,5791.54,38.55,TRADE
QLD1,2024/04/24 14:50:00,5791.97,49.70,TRADE
QLD1,2024/04/24 14:55:00,5803.1,48.55,TRADE
QLD1,2024/04/24 15:00:00,5872.46,54.94,TRADE
QLD1,2024/04/24 15:05:00,5859.51,17.14,TRADE
QLD1,2024/04/24 15:10:00,5844.14,48.55,TRADE
QLD1,2024/04/24 15:15:00,5950.64,62.73,TRADE
QLD1,2024/04/24 15:20:00,6073.29,59.75,TRADE
QLD1,2024/04/24 15:25:00,6112.91,50.31,TRADE
QLD1,2024/04/24 15:30:00,6180.84,65.78,TRADE
QLD1,2024/04/24 15:35:00,6324.31,22.34,TRADE
QLD1,2024/04/24 15:40:00,6379.91,59.75,TRADE
QLD1,2024/04/24 15:45:00,6467.32,48.60,TRADE
QLD1,2024/04/24 15:50:00,6545.07,48.75,TRADE
QLD1,2024/04/24 15:55:00,6649.9,50.34,TRADE
QLD1,2024/04/24 16:00:00,6674.05,59.55,TRADE
QLD1,2024/04/24 16:05:00,6670.56,49.80,TRADE
QLD1,2024/04/24 16:10:00,6740.78,56.77,TRADE
QLD1,2024/04/24 16:15:00,6880.81,86.32,TRADE
QLD1,2024/04/24 16:20:00,6926.6,79.48,TRADE
QLD1,2024/04/24 16:25:00,7038.05,116.45,TRADE
QLD1,2024/04/24 16:30:00,7198.52,146.38,TRADE
QLD1,2024/04/24 16:35:00,7226.31,116.86,TRADE
QLD1,2024/04/24 16:40:00,7281.34,134.94,TRADE
QLD1,2024/04/24 16:45:00,7205.03,143.96,TRADE
QLD1,2024/04/24 16:50:00,7262.67,140.08,TRADE
QLD1,2024/04/24 16:55:00,7272.4,148.85,TRADE
QLD1,2024/04/24 17:00:00,7381.17,312.41,TRADE
QLD1,2024/04/24 17:05:00,7295.4,312.21,TRADE
QLD1,2024/04/24 17:10:00,7362.61,155.96,TRADE
QLD1,2024/04/24 17:15:00,7448.36,195.97,TRADE
QLD1,2024/04/24 17:20:00,7473,194.01,TRADE
QLD1,2024/04/24 17:25:00,7457.23,153.42,TRADE
QLD1,2024/04/24 17:30:00,7602.95,203.67,TRADE
QLD1,2024/04/24 17:35:00,7576.57,263.01,TRADE
QLD1,2024/04/24 17:40:00,7466.95,145.20,TRADE
QLD1,2024/04/24 17:45:00,7585.18,194.01,TRADE
QLD1,2024/04/24 17:50:00,7535.63,263.01,TRADE
QLD1,2024/04/24 17:55:00,7619.58,194.01,TRADE
QLD1,2024/04/24 18:00:00,7647.85,194.01,TRADE
QLD1,2024/04/24 18:05:00,7652.21,158.38,TRADE
QLD1,2024/04/24 18:10:00,7586.22,140.45,TRADE
QLD1,2024/04/24 18:15:00,7603.81,145.20,TRADE
QLD1,2024/04/24 18:20:00,7598.4,150.82,TRADE
QLD1,2024/04/24 18:25:00,7557.67,146.38,TRADE
QLD1,2024/04/24 18:30:00,7528.4,141.50,TRADE
QLD1,2024/04/24 18:35:00,7527.1,140.53,TRADE
QLD1,2024/04/24 18:40:00,7471.17,118.91,TRADE
QLD1,2024/04/24 18:45:00,7471.5,115.75,TRADE
QLD1,2024/04/24 18:50:00,7441.23,133.01,TRADE
QLD1,2024/04/24 18:55:00,7396.21,115.75,TRADE
QLD1,2024/04/24 19:00:00,7440.07,115.75,TRADE
QLD1,2024/04/24 19:05:00,7403.95,115.75,TRADE
QLD1,2024/04/24 19:10:00,7388.86,101,TRADE
QLD1,2024/04/24 19:15:00,7360.14,100.75,TRADE
QLD1,2024/04/24 19:20:00,7282.91,99.99,TRADE
QLD1,2024/04/24 19:25:00,7224.02,99.99,TRADE
QLD1,2024/04/24 19:30:00,7264.87,99.99,TRADE
QLD1,2024/04/24 19:35:00,7224.13,99.99,TRADE
QLD1,2024/04/24 19:40:00,7151.96,94.95,TRADE
QLD1,2024/04/24 19:45:00,7181.53,100.75,TRADE
QLD1,2024/04/24 19:50:00,7148.81,100.75,TRADE
QLD1,2024/04/24 19:55:00,7254.85,124.26,TRADE
QLD1,2024/04/24 20:00:00,7238.36,117.88,TRADE
QLD1,2024/04/24 20:05:00,7261.74,124.99,TRADE
QLD1,2024/04/24 20:10:00,7260.29,123.81,TRADE
QLD1,2024/04/24 20:15:00,7233.07,116.94,TRADE
QLD1,2024/04/24 20:20:00,7231.89,118.41,TRADE
QLD1,2024/04/24 20:25:00,7172.5,105.53,TRADE
QLD1,2024/04/24 20:30:00,7119.89,99.99,TRADE
QLD1,2024/04/24 20:35:00,7107.09,159.09,TRADE
QLD1,2024/04/24 20:40:00,7026.45,149.30,TRADE
QLD1,2024/04/24 20:45:00,6897.93,136.82,TRADE
QLD1,2024/04/24 20:50:00,6859.22,119.34,TRADE
QLD1,2024/04/24 20:55:00,6875.29,120.07,TRADE
QLD1,2024/04/24 21:00:00,6896.94,120.11,TRADE
QLD1,2024/04/24 21:05:00,6872.46,134.11,TRADE
QLD1,2024/04/24 21:10:00,6813.96,148.52,TRADE
QLD1,2024/04/24 21:15:00,6753.78,156.87,TRADE
QLD1,2024/04/24 21:20:00,6766.12,150.28,TRADE
QLD1,2024/04/24 21:25:00,6672.9,143.93,TRADE
QLD1,2024/04/24 21:30:00,6636.76,121.67,TRADE
QLD1,2024/04/24 21:35:00,6593.58,127.59,TRADE
QLD1,2024/04/24 21:40:00,6528.93,115.75,TRADE
QLD1,2024/04/24 21:45:00,6510.27,100.75,TRADE
QLD1,2024/04/24 21:50:00,6485.9,99.99,TRADE
QLD1,2024/04/24 21:55:00,6429.79,94.36,TRADE
QLD1,2024/04/24 22:00:00,6403.03,90.67,TRADE
QLD1,2024/04/24 22:05:00,6338.27,101,TRADE
QLD1,2024/04/24 22:10:00,6386.14,118.91,TRADE
QLD1,2024/04/24 22:15:00,6402.21,155.62,TRADE
QLD1,2024/04/24 22:20:00,6354.66,137.28,TRADE
QLD1,2024/04/24 22:25:00,6304.87,114.10,TRADE
QLD1,2024/04/24 22:30:00,6253.77,110.76,TRADE
QLD1,2024/04/24 22:35:00,6207.38,119.35,TRADE
QLD1,2024/04/24 22:40:00,6190,100.75,TRADE
QLD1,2024/04/24 22:45:00,6215.52,100.75,TRADE
QLD1,2024/04/24 22:50:00,6258.4,101,TRADE
QLD1,2024/04/24 22:55:00,6123.47,92.85,TRADE
QLD1,2024/04/24 23:00:00,6087.86,113.60,TRADE
QLD1,2024/04/24 23:05:00,6065.8,114.96,TRADE
QLD1,2024/04/24 23:10:00,6057.36,118.96,TRADE
QLD1,2024/04/24 23:15:00,6086.14,113.58,TRADE
QLD1,2024/04/24 23:20:00,5983.71,91.97,TRADE
QLD1,2024/04/24 23:25:00,5982.14,100.75,TRADE
QLD1,2024/04/24 23:30:00,5949.79,100.75,TRADE
QLD1,2024/04/24 23:35:00,5879.51,89.26,TRADE
QLD1,2024/04/24 23:40:00,5911.39,112.21,TRADE
QLD1,2024/04/24 23:45:00,5933.75,100.75,TRADE
QLD1,2024/04/24 23:50:00,5860.84,92.89,TRADE
QLD1,2024/04/24 23:55:00,5883.57,100.75,TRADE
QLD1,2024/04/25 00:00:00,5796.55,88.56,TRADE
QLD1,2024/04/25 00:05:00,5824,100.75,TRADE
QLD1,2024/04/25 00:10:00,5736.6,110.05,TRADE
QLD1,2024/04/25 00:15:00,5749.85,112.90,TRADE
QLD1,2024/04/25 00:20:00,5701.55,100.75,TRADE
QLD1,2024/04/25 00:25:00,5685.68,100.75,TRADE
QLD1,2024/04/25 00:30:00,5651.93,104.92,TRADE
QLD1,2024/04/25 00:35:00,5626.7,104.38,TRADE
QLD1,2024/04/25 00:40:00,5630.44,85.60,TRADE
QLD1,2024/04/25 00:45:00,5584.81,100.75,TRADE
QLD1,2024/04/25 00:50:00,5598.12,100.75,TRADE
QLD1,2024/04/25 00:55:00,5589.58,100.75,TRADE
QLD1,2024/04/25 01:00:00,5619.35,100.75,TRADE
QLD1,2024/04/25 01:05:00,5475.8,85.55,TRADE
QLD1,2024/04/25 01:10:00,5520.8,100.75,TRADE
QLD1,2024/04/25 01:15:00,5474.79,85.55,TRADE
QLD1,2024/04/25 01:20:00,5465.85,85.55,TRADE
QLD1,2024/04/25 01:25:00,5523.18,85.58,TRADE
QLD1,2024/04/25 01:30:00,5405.5,84.69,TRADE
QLD1,2024/04/25 01:35:00,5451.64,86.16,TRADE
QLD1,2024/04/25 01:40:00,5484.04,86.22,TRADE
QLD1,2024/04/25 01:45:00,5463.28,84.79,TRADE
QLD1,2024/04/25 01:50:00,5474.54,85.33,TRADE
QLD1,2024/04/25 01:55:00,5451.14,85.31,TRADE
QLD1,2024/04/25 02:00:00,5388.11,60.50,TRADE
QLD1,2024/04/25 02:05:00,5447.75,88.76,TRADE
QLD1,2024/04/25 02:10:00,5445.77,88.18,TRADE
QLD1,2024/04/25 02:15:00,5459.31,99.88,TRADE
QLD1,2024/04/25 02:20:00,5463.77,98.04,TRADE
QLD1,2024/04/25 02:25:00,5440.02,85.61,TRADE
QLD1,2024/04/25 02:30:00,5412.48,85.60,TRADE
QLD1,2024/04/25 02:35:00,5470.96,101.44,TRADE
QLD1,2024/04/25 02:40:00,5428.01,103.22,TRADE
QLD1,2024/04/25 02:45:00,5474.08,101.09,TRADE
QLD1,2024/04/25 02:50:00,5453.91,100.75,TRADE
QLD1,2024/04/25 02:55:00,5442.54,100.75,TRADE
QLD1,2024/04/25 03:00:00,5442.97,100.75,TRADE
QLD1,2024/04/25 03:05:00,5395.45,100.75,TRADE
QLD1,2024/04/25 03:10:00,5434.45,100.75,TRADE
QLD1,2024/04/25 03:15:00,5393.84,85.60,TRADE
QLD1,2024/04/25 03:20:00,5443.76,85.60,TRADE
QLD1,2024/04/25 03:25:00,5438.69,87.93,TRADE
QLD1,2024/04/25 03:30:00,5395.75,85.55,TRADE
QLD1,2024/04/25 03:35:00,5360.28,85.60,TRADE
QLD1,2024/04/25 03:40:00,5359.53,86.66,TRADE
QLD1,2024/04/25 03:45:00,5394.72,87.23,TRADE
QLD1,2024/04/25 03:50:00,5411.32,99.32,TRADE
QLD1,2024/04/25 03:55:00,5418.04,85.60,TRADE
QLD1,2024/04/25 04:00:00,5462.28,87.94,TRADE
QLD1,2024/04/25 04:05:00,5396.56,100.41,TRADE
QLD1,2024/04/25 04:10:00,5487.33,103.14,TRADE
QLD1,2024/04/25 04:15:00,5447.34,87.31,TRADE
QLD1,2024/04/25 04:20:00,5500.05,100.75,TRADE
QLD1,2024/04/25 04:25:00,5472.84,100.75,TRADE
QLD1,2024/04/25 04:30:00,5493.54,105.02,TRADE
QLD1,2024/04/25 04:35:00,5473.26,85.55,TRADE
QLD1,2024/04/25 04:40:00,5498.67,85.60,TRADE
QLD1,2024/04/25 04:45:00,5520.05,100.75,TRADE
QLD1,2024/04/25 04:50:00,5508.08,101.01,TRADE
QLD1,2024/04/25 04:55:00,5496.38,100.75,TRADE
QLD1,2024/04/25 05:00:00,5526.8,105.68,TRADE
QLD1,2024/04/25 05:05:00,5496.93,96.01,TRADE
QLD1,2024/04/25 05:10:00,5541.07,103.10,TRADE
QLD1,2024/04/25 05:15:00,5581.95,112.44,TRADE
QLD1,2024/04/25 05:20:00,5471.06,102.50,TRADE
QLD1,2024/04/25 05:25:00,5528.09,104.14,TRADE
QLD1,2024/04/25 05:30:00,5481.85,102.12,TRADE
QLD1,2024/04/25 05:35:00,5535.42,103.18,TRADE
QLD1,2024/04/25 05:40:00,5539.48,105.42,TRADE
QLD1,2024/04/25 05:45:00,5542.99,104.92,TRADE
QLD1,2024/04/25 05:50:00,5510.91,102.37,TRADE
QLD1,2024/04/25 05:55:00,5471.01,85.55,TRADE
QLD1,2024/04/25 06:00:00,5501.05,85.55,TRADE
QLD1,2024/04/25 06:05:00,5497.37,85.35,TRADE
QLD1,2024/04/25 06:10:00,5538.46,101.71,TRADE
QLD1,2024/04/25 06:15:00,5592.51,111.18,TRADE
QLD1,2024/04/25 06:20:00,5581.14,107.29,TRADE
QLD1,2024/04/25 06:25:00,5608.62,109.18,TRADE
QLD1,2024/04/25 06:30:00,5558.71,109.17,TRADE
QLD1,2024/04/25 06:35:00,5522.26,100.75,TRADE
QLD1,2024/04/25 06:40:00,5514.59,99.59,TRADE
QLD1,2024/04/25 06:45:00,5473.38,98.20,TRADE
QLD1,2024/04/25 06:50:00,5438.28,96.21,TRADE
QLD1,2024/04/25 06:55:00,5435.62,96.01,TRADE
QLD1,2024/04/25 07:00:00,5393.62,79.55,TRADE
QLD1,2024/04/25 07:05:00,5376.74,88.28,TRADE
QLD1,2024/04/25 07:10:00,5407.06,62.73,TRADE
QLD1,2024/04/25 07:15:00,5362.45,59.60,TRADE
QLD1,2024/04/25 07:20:00,5320.96,44.85,TRADE
QLD1,2024/04/25 07:25:00,5314.15,38.75,TRADE
QLD1,2024/04/25 07:30:00,5274.48,31.39,TRADE
QLD1,2024/04/25 07:35:00,5237.03,-10.50,TRADE
QLD1,2024/04/25 07:40:00,5130.57,-10.80,TRADE
QLD1,2024/04/25 07:45:00,5066.59,0,TRADE
QLD1,2024/04/25 07:50:00,5132.83,-0.07,TRADE
QLD1,2024/04/25 07:55:00,5107.38,30.89,TRADE
QLD1,2024/04/25 08:00:00,5096.7,20.33,TRADE
QLD1,2024/04/25 08:05:00,4969.43,31.76,TRADE
QLD1,2024/04/25 08:10:00,4904.53,20.16,TRADE
QLD1,2024/04/25 08:15:00,4965.23,20.58,TRADE
QLD1,2024/04/25 08:20:00,4785.53,-10.50,TRADE
QLD1,2024/04/25 08:25:00,4783.77,-20.50,TRADE
QLD1,2024/04/25 08:30:00,4657.62,-20.50,TRADE
QLD1,2024/04/25 08:35:00,4550.44,-20.50,TRADE
QLD1,2024/04/25 08:40:00,4534.63,-20.50,TRADE
QLD1,2024/04/25 08:45:00,4443,-20.50,TRADE
QLD1,2024/04/25 08:50:00,4436.14,-20.50,TRADE
QLD1,2024/04/25 08:55:00,4457.38,-20.50,TRADE
QLD1,2024/04/25 09:00:00,4354.52,-20.50,TRADE
QLD1,2024/04/25 09:05:00,4307.38,-20.50,TRADE
QLD1,2024/04/25 09:10:00,4296.1,-20.50,TRADE
QLD1,2024/04/25 09:15:00,4271.41,-20.50,TRADE
QLD1,2024/04/25 09:20:00,4204.02,-25.40,TRADE
QLD1,2024/04/25 09:25:00,4251.73,-20.50,TRADE
QLD1,2024/04/25 09:30:00,4250.61,-20.50,TRADE
QLD1,2024/04/25 09:35:00,4218.32,-35,TRADE
QLD1,2024/04/25 09:40:00,4109.31,-41.57,TRADE
QLD1,2024/04/25 09:45:00,4084.19,-41.57,TRADE
QLD1,2024/04/25 09:50:00,4088.36,-41.60,TRADE
QLD1,2024/04/25 09:55:00,4035.02,-41.60,TRADE
QLD1,2024/04/25 10:00:00,4056.38,-42.01,TRADE
QLD1,2024/04/25 10:05:00,4000.76,-39.40,TRADE
QLD1,2024/04/25 10:10:00,4110.61,-41.57,TRADE
QLD1,2024/04/25 10:15:00,4098.61,-36.57,TRADE
QLD1,2024/04/25 10:20:00,3946.94,-44.65,TRADE
QLD1,2024/04/25 10:25:00,4059.78,-42.68,TRADE
QLD1,2024/04/25 10:30:00,4065.22,-39.06,TRADE
QLD1,2024/04/25 10:35:00,3841.36,-42.01,TRADE
QLD1,2024/04/25 10:40:00,3894.86,-44.41,TRADE
QLD1,2024/04/25 10:45:00,3818.37,-44.22,TRADE
QLD1,2024/04/25 10:50:00,3771.81,-45.01,TRADE
QLD1,2024/04/25 10:55:00,3784.41,-41.60,TRADE
QLD1,2024/04/25 11:00:00,3837.42,-36.57,TRADE
QLD1,2024/04/25 11:05:00,3789.05,-45.01,TRADE
QLD1,2024/04/25 11:10:00,3911.83,-37.50,TRADE
QLD1,2024/04/25 11:15:00,3960.51,-39.85,TRADE
QLD1,2024/04/25 11:20:00,3918.67,-35.82,TRADE
QLD1,2024/04/25 11:25:00,3994.9,-35.98,TRADE
QLD1,2024/04/25 11:30:00,3861.04,-45.40,TRADE
QLD1,2024/04/25 11:35:00,3913.12,-45.56,TRADE
QLD1,2024/04/25 11:40:00,4006.29,-34.77,TRADE
QLD1,2024/04/25 11:45:00,4049.67,-35.82,TRADE
QLD1,2024/04/25 11:50:00,4108.76,-36.06,TRADE
QLD1,2024/04/25 11:55:00,4128.08,-35.78,TRADE
QLD1,2024/04/25 12:00:00,4141.75,-35.99,TRADE
QLD1,2024/04/25 12:05:00,4192.03,-40.01,TRADE
QLD1,2024/04/25 12:10:00,4113.3,-40.26,TRADE
QLD1,2024/04/25 12:15:00,4125.51,-35.57,TRADE
QLD1,2024/04/25 12:20:00,4166.69,-36.57,TRADE
QLD1,2024/04/25 12:25:00,4171.41,-25.83,TRADE
QLD1,2024/04/25 12:30:00,4090.78,-41.43,TRADE
QLD1,2024/04/25 12:35:00,4164.56,-20.50,TRADE
QLD1,2024/04/25 12:40:00,4190.7,-10,TRADE
QLD1,2024/04/25 12:45:00,4248.71,-20.50,TRADE
QLD1,2024/04/25 12:50:00,4418.42,-20.50,TRADE
QLD1,2024/04/25 12:55:00,4369.63,-20.50,TRADE
QLD1,2024/04/25 13:00:00,4389.09,-18.12,TRADE
QLD1,2024/04/25 13:05:00,4479.13,8.67,TRADE
QLD1,2024/04/25 13:10:00,4414.17,15.98,TRADE
QLD1,2024/04/25 13:15:00,4447.25,-20.50,TRADE
QLD1,2024/04/25 13:20:00,4667.32,0,TRADE
QLD1,2024/04/25 13:25:00,4756.64,9.43,TRADE
QLD1,2024/04/25 13:30:00,4626.53,-3.72,TRADE
QLD1,2024/04/25 13:35:00,4619.5,1.84,TRADE
QLD1,2024/04/25 13:40:00,4718.18,9.44,TRADE
QLD1,2024/04/25 13:45:00,4749.81,9.56,TRADE
QLD1,2024/04/25 13:50:00,4855.86,34.55,TRADE
QLD1,2024/04/25 13:55:00,4867.29,20.85,TRADE
QLD1,2024/04/25 14:00:00,4974.94,0,TRADE
QLD1,2024/04/25 14:05:00,4990.33,34.16,TRADE
QLD1,2024/04/25 14:10:00,5096.98,38.60,TRADE
QLD1,2024/04/25 14:15:00,5133.68,58.16,TRADE
QLD1,2024/04/25 14:20:00,5231.02,38.60,TRADE
QLD1,2024/04/25 14:25:00,5259.81,38.55,TRADE
QLD1,2024/04/25 14:30:00,5363.96,34.55,TRADE
QLD1,2024/04/25 14:35:00,5402.42,18.84,TRADE
QLD1,2024/04/25 14:40:00,5435.78,34.55,TRADE
QLD1,2024/04/25 14:45:00,5431.66,21.88,TRADE
QLD1,2024/04/25 14:50:00,5543.7,34.55,TRADE
QLD1,2024/04/25 14:55:00,5629.19,34.55,TRADE
QLD1,2024/04/25 15:00:00,5583.44,34.55,TRADE
QLD1,2024/04/25 15:05:00,5656.59,35.84,TRADE
QLD1,2024/04/25 15:10:00,5758.47,-2.17,TRADE
QLD1,2024/04/25 15:15:00,5803.71,34.55,TRADE
QLD1,2024/04/25 15:20:00,5824.56,25.64,TRADE
QLD1,2024/04/25 15:25:00,5910.71,38.90,TRADE
QLD1,2024/04/25 15:30:00,5924.69,45.38,TRADE
QLD1,2024/04/25 15:35:00,6080.64,44.69,TRADE
QLD1,2024/04/25 15:40:00,6199.92,45.26,TRADE
QLD1,2024/04/25 15:45:00,6245.26,38.55,TRADE
QLD1,2024/04/25 15:50:00,6313.95,38.55,TRADE
QLD1,2024/04/25 15:55:00,6359.04,38.75,TRADE
QLD1,2024/04/25 16:00:00,6419.28,96.86,TRADE
QLD1,2024/04/25 16:05:00,6317.63,73.24,TRADE
QLD1,2024/04/25 16:10:00,6497.85,62.73,TRADE
QLD1,2024/04/25 16:15:00,6610.09,93.95,TRADE
QLD1,2024/04/25 16:20:00,6627.37,59.55,TRADE
QLD1,2024/04/25 16:25:00,6680.2,142,TRADE
QLD1,2024/04/25 16:30:00,6752.11,203.05,TRADE
QLD1,2024/04/25 16:35:00,6720.76,85.69,TRADE
QLD1,2024/04/25 16:40:00,6716.46,75.03,TRADE
QLD1,2024/04/25 16:45:00,6760.42,99.32,TRADE
QLD1,2024/04/25 16:50:00,6830.54,113.54,TRADE
QLD1,2024/04/25 16:55:00,6848.48,115.75,TRADE
QLD1,2024/04/25 17:00:00,6979.95,150.98,TRADE
QLD1,2024/04/25 17:05:00,7042.48,119.39,TRADE
QLD1,2024/04/25 17:10:00,7020.37,117.94,TRADE
QLD1,2024/04/25 17:15:00,7081.11,150.82,TRADE
QLD1,2024/04/25 17:20:00,7161.36,216.40,TRADE
QLD1,2024/04/25 17:25:00,7231.74,214.84,TRADE
QLD1,2024/04/25 17:30:00,7229.04,205.40,TRADE
QLD1,2024/04/25 17:35:00,7227.48,149.53,TRADE
QLD1,2024/04/25 17:40:00,7307.15,194.01,TRADE
QLD1,2024/04/25 17:45:00,7327.08,192.76,TRADE
QLD1,2024/04/25 17:50:00,7370.3,194.01,TRADE
QLD1,2024/04/25 17:55:00,7360.19,194.01,TRADE
QLD1,2024/04/25 18:00:00,7339.09,217.49,TRADE
QLD1,2024/04/25 18:05:00,7368.05,151.21,TRADE
QLD1,2024/04/25 18:10:00,7363.03,148.24,TRADE
QLD1,2024/04/25 18:15:00,7337.93,149.21,TRADE
QLD1,2024/04/25 18:20:00,7277.62,146.31,TRADE
QLD1,2024/04/25 18:25:00,7305.26,147.30,TRADE
QLD1,2024/04/25 18:30:00,7310.41,147.28,TRADE
QLD1,2024/04/25 18:35:00,7272.18,138.99,TRADE
QLD1,2024/04/25 18:40:00,7321.08,138.99,TRADE
QLD1,2024/04/25 18:45:00,7259.84,138.99,TRADE
QLD1,2024/04/25 18:50:00,7193.57,138.99,TRADE
QLD1,2024/04/25 18:55:00,7218.42,132.06,TRADE
QLD1,2024/04/25 19:00:00,7210.95,138.99,TRADE
QLD1,2024/04/25 19:05:00,7168.53,126.54,TRADE
QLD1,2024/04/25 19:10:00,7159.74,115.75,TRADE
QLD1,2024/04/25 19:15:00,7066.33,113.25,TRADE
QLD1,2024/04/25 19:20:00,6991.55,111.31,TRADE
QLD1,2024/04/25 19:25:00,7065.28,112.73,TRADE
QLD1,2024/04/25 19:30:00,6985.07,99.32,TRADE
QLD1,2024/04/25 19:35:00,6921.78,100.75,TRADE
QLD1,2024/04/25 19:40:00,6927.4,110.10,TRADE
QLD1,2024/04/25 19:45:00,7009.24,113.69,TRADE
QLD1,2024/04/25 19:50:00,6924.07,101,TRADE
QLD1,2024/04/25 19:55:00,7043.19,114.09,TRADE
QLD1,2024/04/25 20:00:00,7086.25,114.92,TRADE
QLD1,2024/04/25 20:05:00,7066.66,128.24,TRADE
QLD1,2024/04/25 20:10:00,7030.12,115.75,TRADE
QLD1,2024/04/25 20:15:00,7030.11,115.75,TRADE
QLD1,2024/04/25 20:20:00,6887.64,101,TRADE
QLD1,2024/04/25 20:25:00,6881.49,113.21,TRADE
QLD1,2024/04/25 20:30:00,6918.29,115.75,TRADE
QLD1,2024/04/25 20:35:00,6848.3,133.26,TRADE
QLD1,2024/04/25 20:40:00,6726.87,120,TRADE
QLD1,2024/04/25 20:45:00,6768.42,115.75,TRADE
QLD1,2024/04/25 20:50:00,6766.16,115.75,TRADE
QLD1,2024/04/25 20:55:00,6607.63,107.07,TRADE
QLD1,2024/04/25 21:00:00,6675.73,106.89,TRADE
QLD1,2024/04/25 21:05:00,6627.62,134.33,TRADE
QLD1,2024/04/25 21:10:00,6558.75,134.61,TRADE
QLD1,2024/04/25 21:15:00,6472.97,132.49,TRADE
QLD1,2024/04/25 21:20:00,6440.7,128.76,TRADE
QLD1,2024/04/25 21:25:00,6396.75,112.16,TRADE
QLD1,2024/04/25 21:30:00,6332.67,104.69,TRADE
QLD1,2024/04/25 21:35:00,6412.69,138.97,TRADE
QLD1,2024/04/25 21:40:00,6313.93,131.58,TRADE
QLD1,2024/04/25 21:45:00,6238.65,110.38,TRADE
QLD1,2024/04/25 21:50:00,6265.28,111.08,TRADE
QLD1,2024/04/25 21:55:00,6166.49,100.75,TRADE
QLD1,2024/04/25 22:00:00,6183.93,103.39,TRADE
QLD1,2024/04/25 22:05:00,6162.91,101,TRADE
QLD1,2024/04/25 22:10:00,6240.92,144.49,TRADE
QLD1,2024/04/25 22:15:00,6230.41,143.71,TRADE
QLD1,2024/04/25 22:20:00,6215.27,141.67,TRADE
QLD1,2024/04/25 22:25:00,6199.37,120,TRADE
QLD1,2024/04/25 22:30:00,6100.97,115.75,TRADE
QLD1,2024/04/25 22:35:00,6004.68,132.90,TRADE
QLD1,2024/04/25 22:40:00,5939.75,110.50,TRADE
QLD1,2024/04/25 22:45:00,5994.96,112.69,TRADE
QLD1,2024/04/25 22:50:00,6076.68,145.95,TRADE
QLD1,2024/04/25 22:55:00,5949.28,112.66,TRADE
QLD1,2024/04/25 23:00:00,5841.8,102.34,TRADE
QLD1,2024/04/25 23:05:00,5993.57,114.13,TRADE
QLD1,2024/04/25 23:10:00,5999.45,144.13,TRADE
QLD1,2024/04/25 23:15:00,5892.99,134.29,TRADE
QLD1,2024/04/25 23:20:00,5905.5,111.79,TRADE
QLD1,2024/04/25 23:25:00,5829.34,110.83,TRADE
QLD1,2024/04/25 23:30:00,5772.86,108.79,TRADE
QLD1,2024/04/25 23:35:00,5726.39,136.95,TRADE
QLD1,2024/04/25 23:40:00,5812.04,133.05,TRADE
QLD1,2024/04/25 23:45:00,5746.96,108.51,TRADE
QLD1,2024/04/25 23:50:00,5771.92,138.74,TRADE
QLD1,2024/04/25 23:55:00,5712.05,127.21,TRADE
QLD1,2024/04/26 00:00:00,5728.9,108.57,TRADE
QLD1,2024/04/26 00:05:00,5690.41,138.37,TRADE
QLD1,2024/04/26 00:10:00,5616.15,137.53,TRADE
QLD1,2024/04/26 00:15:00,5572.61,100.75,TRADE
QLD1,2024/04/26 00:20:00,5573.16,107.46,TRADE
QLD1,2024/04/26 00:25:00,5583.29,92.21,TRADE
QLD1,2024/04/26 00:30:00,5572.53,100.28,TRADE
QLD1,2024/04/26 00:35:00,5578.34,100.75,TRADE
QLD1,2024/04/26 00:40:00,5563.24,101.54,TRADE
QLD1,2024/04/26 00:45:00,5555.19,101.84,TRADE
QLD1,2024/04/26 00:50:00,5566.3,100.75,TRADE
QLD1,2024/04/26 00:55:00,5510,100.75,TRADE
QLD1,2024/04/26 01:00:00,5442.32,100.40,TRADE
QLD1,2024/04/26 01:05:00,5460.12,102.47,TRADE
QLD1,2024/04/26 01:10:00,5487.03,104.14,TRADE
QLD1,2024/04/26 01:15:00,5500.31,102.76,TRADE
QLD1,2024/04/26 01:20:00,5525.97,100.75,TRADE
QLD1,2024/04/26 01:25:00,5485.21,85.55,TRADE
QLD1,2024/04/26 01:30:00,5402.16,76.99,TRADE
QLD1,2024/04/26 01:35:00,5445.53,85.55,TRADE
QLD1,2024/04/26 01:40:00,5470.45,85.60,TRADE
QLD1,2024/04/26 01:45:00,5454.4,81.77,TRADE
QLD1,2024/04/26 01:50:00,5436,81.69,TRADE
QLD1,2024/04/26 01:55:00,5448.29,82.75,TRADE
QLD1,2024/04/26 02:00:00,5443.44,82.80,TRADE
QLD1,2024/04/26 02:05:00,5422.86,59.55,TRADE
QLD1,2024/04/26 02:10:00,5461.48,85.55,TRADE
QLD1,2024/04/26 02:15:00,5400.99,70.68,TRADE
QLD1,2024/04/26 02:20:00,5405.79,59.55,TRADE
QLD1,2024/04/26 02:25:00,5427.1,74.13,TRADE
QLD1,2024/04/26 02:30:00,5433.6,70.52,TRADE
QLD1,2024/04/26 02:35:00,5391.6,85.55,TRADE
QLD1,2024/04/26 02:40:00,5316.46,84.20,TRADE
QLD1,2024/04/26 02:45:00,5395.84,85.55,TRADE
QLD1,2024/04/26 02:50:00,5408.68,85.55,TRADE
QLD1,2024/04/26 02:55:00,5371.07,82.44,TRADE
QLD1,2024/04/26 03:00:00,5360.5,80.14,TRADE
QLD1,2024/04/26 03:05:00,5363.8,85.55,TRADE
QLD1,2024/04/26 03:10:00,5379.36,85.55,TRADE
QLD1,2024/04/26 03:15:00,5388.55,85.55,TRADE
QLD1,2024/04/26 03:20:00,5384.47,98.19,TRADE
QLD1,2024/04/26 03:25:00,5366.08,85.55,TRADE
QLD1,2024/04/26 03:30:00,5357.59,85.55,TRADE
QLD1,2024/04/26 03:35:00,5398.6,73.22,TRADE
QLD1,2024/04/26 03:40:00,5395.32,85.55,TRADE
QLD1,2024/04/26 03:45:00,5380.64,85.55,TRADE
QLD1,2024/04/26 03:50:00,5428.65,100.75,TRADE
QLD1,2024/04/26 03:55:00,5422.18,99.51,TRADE
QLD1,2024/04/26 04:00:00,5438.06,98.90,TRADE
QLD1,2024/04/26 04:05:00,5454.81,100.75,TRADE
QLD1,2024/04/26 04:10:00,5468.72,102.64,TRADE
QLD1,2024/04/26 04:15:00,5505.56,102.98,TRADE
QLD1,2024/04/26 04:20:00,5479.03,103.13,TRADE
QLD1,2024/04/26 04:25:00,5535.02,104.68,TRADE
QLD1,2024/04/26 04:30:00,5498.59,101.52,TRADE
QLD1,2024/04/26 04:35:00,5541.07,101.14,TRADE
QLD1,2024/04/26 04:40:00,5537.99,101.81,TRADE
QLD1,2024/04/26 04:45:00,5591.28,108.85,TRADE
QLD1,2024/04/26 04:50:00,5581.02,112.32,TRADE
QLD1,2024/04/26 04:55:00,5589.3,106.85,TRADE
QLD1,2024/04/26 05:00:00,5573.35,113.10,TRADE
QLD1,2024/04/26 05:05:00,5611.41,113.16,TRADE
QLD1,2024/04/26 05:10:00,5654.11,128.09,TRADE
QLD1,2024/04/26 05:15:00,5634.7,111.19,TRADE
QLD1,2024/04/26 05:20:00,5707.9,138.98,TRADE
QLD1,2024/04/26 05:25:00,5826.81,146.11,TRADE
QLD1,2024/04/26 05:30:00,5794.05,144.18,TRADE
QLD1,2024/04/26 05:35:00,5783.28,87.88,TRADE
QLD1,2024/04/26 05:40:00,5905.02,145.44,TRADE
QLD1,2024/04/26 05:45:00,5795.25,82.69,TRADE
QLD1,2024/04/26 05:50:00,5816.67,88.01,TRADE
QLD1,2024/04/26 05:55:00,5869.11,89.94,TRADE
QLD1,2024/04/26 06:00:00,5939,91.75,TRADE
QLD1,2024/04/26 06:05:00,5953,91.22,TRADE
QLD1,2024/04/26 06:10:00,6055.15,119.85,TRADE
QLD1,2024/04/26 06:15:00,6095.15,138.12,TRADE
QLD1,2024/04/26 06:20:00,6090.36,143.86,TRADE
QLD1,2024/04/26 06:25:00,6153.99,155.47,TRADE
QLD1,2024/04/26 06:30:00,6188.22,185.84,TRADE
QLD1,2024/04/26 06:35:00,6207.33,143.73,TRADE
QLD1,2024/04/26 06:40:00,6124.01,151.65,TRADE
QLD1,2024/04/26 06:45:00,6143.16,148.90,TRADE
QLD1,2024/04/26 06:50:00,6189.31,144.61,TRADE
QLD1,2024/04/26 06:55:00,6250.03,148.32,TRADE
QLD1,2024/04/26 07:00:00,6140.08,126.30,TRADE
QLD1,2024/04/26 07:05:00,6203.29,129.48,TRADE
QLD1,2024/04/26 07:10:00,6211.8,125.82,TRADE
QLD1,2024/04/26 07:15:00,6277.13,87.49,TRADE
QLD1,2024/04/26 07:20:00,6309.22,85.60,TRADE
QLD1,2024/04/26 07:25:00,6315.22,62.73,TRADE
QLD1,2024/04/26 07:30:00,6181.79,38.75,TRADE
QLD1,2024/04/26 07:35:00,6203.05,47.84,TRADE
QLD1,2024/04/26 07:40:00,6224.49,46.32,TRADE
QLD1,2024/04/26 07:45:00,6158.85,38.75,TRADE
QLD1,2024/04/26 07:50:00,6161.08,38.55,TRADE
QLD1,2024/04/26 07:55:00,6085.11,38.55,TRADE
QLD1,2024/04/26 08:00:00,6084.92,37.17,TRADE
QLD1,2024/04/26 08:05:00,6079.39,31.88,TRADE
QLD1,2024/04/26 08:10:00,6035.7,38.75,TRADE
QLD1,2024/04/26 08:15:00,5978.28,38.55,TRADE
QLD1,2024/04/26 08:20:00,5895.96,37.83,TRADE
QLD1,2024/04/26 08:25:00,5901.71,34.55,TRADE
QLD1,2024/04/26 08:30:00,5806.08,38.55,TRADE
QLD1,2024/04/26 08:35:00,5636.84,18.84,TRADE
QLD1,2024/04/26 08:40:00,5652.91,60.50,TRADE
QLD1,2024/04/26 08:45:00,5582.38,38.55,TRADE
QLD1,2024/04/26 08:50:00,5507.53,34.60,TRADE
QLD1,2024/04/26 08:55:00,5646.04,34.60,TRADE
QLD1,2024/04/26 09:00:00,5508.38,34.60,TRADE
QLD1,2024/04/26 09:05:00,5522.26,38.55,TRADE
QLD1,2024/04/26 09:10:00,5563.53,38.75,TRADE
QLD1,2024/04/26 09:15:00,5472.29,24.92,TRADE
QLD1,2024/04/26 09:20:00,5445.26,22.42,TRADE
QLD1,2024/04/26 09:25:00,5455.05,34.55,TRADE
QLD1,2024/04/26 09:30:00,5434.02,33.84,TRADE
QLD1,2024/04/26 09:35:00,5434.19,34.55,TRADE
QLD1,2024/04/26 09:40:00,5326.03,-10.40,TRADE
QLD1,2024/04/26 09:45:00,5302.39,21.57,TRADE
QLD1,2024/04/26 09:50:00,5315.28,31.88,TRADE
QLD1,2024/04/26 09:55:00,5311.3,-8.35,TRADE
QLD1,2024/04/26 10:00:00,5396.68,22.58,TRADE
QLD1,2024/04/26 10:05:00,5296.09,21.57,TRADE
QLD1,2024/04/26 10:10:00,5377.69,38.75,TRADE
QLD1,2024/04/26 10:15:00,5349.19,34.55,TRADE
QLD1,2024/04/26 10:20:00,5361.22,38.75,TRADE
QLD1,2024/04/26 10:25:00,5446.8,38.75,TRADE
QLD1,2024/04/26 10:30:00,5462.08,22.56,TRADE
QLD1,2024/04/26 10:35:00,5423.66,33.55,TRADE
QLD1,2024/04/26 10:40:00,5498.31,42.62,TRADE
QLD1,2024/04/26 10:45:00,5540.35,38.55,TRADE
QLD1,2024/04/26 10:50:00,5501.93,34.55,TRADE
QLD1,2024/04/26 10:55:00,5500.14,37.84,TRADE
QLD1,2024/04/26 11:00:00,5372.54,38.55,TRADE
QLD1,2024/04/26 11:05:00,5355.91,34.60,TRADE
QLD1,2024/04/26 11:10:00,5552.13,50.69,TRADE
QLD1,2024/04/26 11:15:00,5580.92,42.62,TRADE
QLD1,2024/04/26 11:20:00,5536.11,37,TRADE
QLD1,2024/04/26 11:25:00,5617.9,38.75,TRADE
QLD1,2024/04/26 11:30:00,5644.27,50.71,TRADE
QLD1,2024/04/26 11:35:00,5636.68,38.75,TRADE
QLD1,2024/04/26 11:40:00,5653.5,48.55,TRADE
QLD1,2024/04/26 11:45:00,5646.3,38.75,TRADE
QLD1,2024/04/26 11:50:00,5682.55,38.55,TRADE
QLD1,2024/04/26 11:55:00,5601.36,36.63,TRADE
QLD1,2024/04/26 12:00:00,5612.6,36.63,TRADE
QLD1,2024/04/26 12:05:00,5647.13,38.75,TRADE
QLD1,2024/04/26 12:10:00,5683.58,48.55,TRADE
QLD1,2024/04/26 12:15:00,5722.65,38.75,TRADE
QLD1,2024/04/26 12:20:00,5652.04,38.75,TRADE
QLD1,2024/04/26 12:25:00,5565.49,38.75,TRADE
QLD1,2024/04/26 12:30:00,5574.85,48.55,TRADE
QLD1,2024/04/26 12:35:00,5527.12,38.75,TRADE
QLD1,2024/04/26 12:40:00,5592.13,38.75,TRADE
QLD1,2024/04/26 12:45:00,5555.74,38.60,TRADE
QLD1,2024/04/26 12:50:00,5582.31,48.55,TRADE
QLD1,2024/04/26 12:55:00,5586.37,36.31,TRADE
QLD1,2024/04/26 13:00:00,5603.28,38.55,TRADE
QLD1,2024/04/26 13:05:00,5643.77,43.10,TRADE
QLD1,2024/04/26 13:10:00,5675.58,48.55,TRADE
QLD1,2024/04/26 13:15:00,5793.78,44.51,TRADE
QLD1,2024/04/26 13:20:00,5788.37,38.75,TRADE
QLD1,2024/04/26 13:25:00,5700.6,38.60,TRADE
QLD1,2024/04/26 13:30:00,5782.39,44.76,TRADE
QLD1,2024/04/26 13:35:00,5800.89,38.75,TRADE
QLD1,2024/04/26 13:40:00,5745.59,38.75,TRADE
QLD1,2024/04/26 13:45:00,5950.04,48.55,TRADE
QLD1,2024/04/26 13:50:00,5950.56,48.55,TRADE
QLD1,2024/04/26 13:55:00,5968.16,53.18,TRADE
QLD1,2024/04/26 14:00:00,5963.85,48.67,TRADE
QLD1,2024/04/26 14:05:00,5926.68,45.34,TRADE
QLD1,2024/04/26 14:10:00,6027.68,48.55,TRADE
QLD1,2024/04/26 14:15:00,5943.36,48.55,TRADE
QLD1,2024/04/26 14:20:00,5933.72,45.95,TRADE
QLD1,2024/04/26 14:25:00,5873.91,41.11,TRADE
QLD1,2024/04/26 14:30:00,5955.99,51.24,TRADE
QLD1,2024/04/26 14:35:00,5972.55,42.10,TRADE
QLD1,2024/04/26 14:40:00,6063.34,43.42,TRADE
QLD1,2024/04/26 14:45:00,6093.41,51.66,TRADE
QLD1,2024/04/26 14:50:00,6025.22,44.65,TRADE
QLD1,2024/04/26 14:55:00,6102.76,57.79,TRADE
QLD1,2024/04/26 15:00:00,6070.1,52.10,TRADE
QLD1,2024/04/26 15:05:00,6095.42,48.55,TRADE
QLD1,2024/04/26 15:10:00,6111.35,48.55,TRADE
QLD1,2024/04/26 15:15:00,6198.35,67.28,TRADE
QLD1,2024/04/26 15:20:00,6319.87,98.12,TRADE
QLD1,2024/04/26 15:25:00,6349.33,90.53,TRADE
QLD1,2024/04/26 15:30:00,6297.78,99.33,TRADE
QLD1,2024/04/26 15:35:00,6387.66,56.27,TRADE
QLD1,2024/04/26 15:40:00,6481.1,60.33,TRADE
QLD1,2024/04/26 15:45:00,6494.12,60.81,TRADE
QLD1,2024/04/26 15:50:00,6555.81,96.90,TRADE
QLD1,2024/04/26 15:55:00,6542.48,62.73,TRADE
QLD1,2024/04/26 16:00:00,6622.87,136.09,TRADE
QLD1,2024/04/26 16:05:00,6677.73,131.30,TRADE
QLD1,2024/04/26 16:10:00,6766.79,142.57,TRADE
QLD1,2024/04/26 16:15:00,6743.49,143.63,TRADE
QLD1,2024/04/26 16:20:00,6872.72,261.61,TRADE
QLD1,2024/04/26 16:25:00,6856.8,144.53,TRADE
QLD1,2024/04/26 16:30:00,6932.91,180.16,TRADE
QLD1,2024/04/26 16:35:00,6999.79,144.49,TRADE
QLD1,2024/04/26 16:40:00,7099.21,227.62,TRADE
QLD1,2024/04/26 16:45:00,7151.01,283.69,TRADE
QLD1,2024/04/26 16:50:00,7079.61,194.08,TRADE
QLD1,2024/04/26 16:55:00,7093.83,285.75,TRADE
QLD1,2024/04/26 17:00:00,7141.98,284.24,TRADE
QLD1,2024/04/26 17:05:00,7185.92,258.61,TRADE
QLD1,2024/04/26 17:10:00,7205.98,252.76,TRADE
QLD1,2024/04/26 17:15:00,7252.04,279.23,TRADE
QLD1,2024/04/26 17:20:00,7161.74,272.85,TRADE
QLD1,2024/04/26 17:25:00,7284.49,285.75,TRADE
QLD1,2024/04/26 17:30:00,7336.24,287.86,TRADE
QLD1,2024/04/26 17:35:00,7280.23,285.75,TRADE
QLD1,2024/04/26 17:40:00,7285.89,285.75,TRADE
QLD1,2024/04/26 17:45:00,7288.5,285.75,TRADE
QLD1,2024/04/26 17:50:00,7339.84,285.75,TRADE
QLD1,2024/04/26 17:55:00,7351.4,285.75,TRADE
QLD1,2024/04/26 18:00:00,7357.72,285.75,TRADE
QLD1,2024/04/26 18:05:00,7269.79,283.10,TRADE
QLD1,2024/04/26 18:10:00,7236.39,273.99,TRADE
QLD1,2024/04/26 18:15:00,7231.18,271.35,TRADE
QLD1,2024/04/26 18:20:00,7337.78,279.44,TRADE
QLD1,2024/04/26 18:25:00,7236.67,270.17,TRADE
QLD1,2024/04/26 18:30:00,7297.06,269.40,TRADE
QLD1,2024/04/26 18:35:00,7247.4,249.65,TRADE
QLD1,2024/04/26 18:40:00,7293.33,249.65,TRADE
QLD1,2024/04/26 18:45:00,7251.16,244.78,TRADE
QLD1,2024/04/26 18:50:00,7165.85,196.63,TRADE
QLD1,2024/04/26 18:55:00,7148.22,202.44,TRADE
QLD1,2024/04/26 19:00:00,7134.32,194.01,TRADE
QLD1,2024/04/26 19:05:00,7115.65,178.19,TRADE
QLD1,2024/04/26 19:10:00,7077.13,145.20,TRADE
QLD1,2024/04/26 19:15:00,7073.95,138.97,TRADE
QLD1,2024/04/26 19:20:00,7010.98,138.80,TRADE
QLD1,2024/04/26 19:25:00,7038.25,133.86,TRADE
QLD1,2024/04/26 19:30:00,6933.03,131.98,TRADE
QLD1,2024/04/26 19:35:00,6939.36,131.19,TRADE
QLD1,2024/04/26 19:40:00,6892.9,130,TRADE
QLD1,2024/04/26 19:45:00,6907.64,113.01,TRADE
QLD1,2024/04/26 19:50:00,6955.71,115.75,TRADE
QLD1,2024/04/26 19:55:00,6960.45,135.41,TRADE
QLD1,2024/04/26 20:00:00,7026.85,137.32,TRADE
QLD1,2024/04/26 20:05:00,7046.07,145.20,TRADE
QLD1,2024/04/26 20:10:00,6962.7,137.55,TRADE
QLD1,2024/04/26 20:15:00,6878.19,134.97,TRADE
QLD1,2024/04/26 20:20:00,6890.19,151.18,TRADE
QLD1,2024/04/26 20:25:00,6835.85,135.77,TRADE
QLD1,2024/04/26 20:30:00,6755.31,132.94,TRADE
QLD1,2024/04/26 20:35:00,6718.76,132.88,TRADE
QLD1,2024/04/26 20:40:00,6756.83,133.83,TRADE
QLD1,2024/04/26 20:45:00,6739.15,134.68,TRADE
QLD1,2024/04/26 20:50:00,6690.65,133.78,TRADE
QLD1,2024/04/26 20:55:00,6680.39,121.99,TRADE
QLD1,2024/04/26 21:00:00,6706.1,124.02,TRADE
QLD1,2024/04/26 21:05:00,6609.67,138.98,TRADE
QLD1,2024/04/26 21:10:00,6645.73,194.01,TRADE
QLD1,2024/04/26 21:15:00,6615.92,167.16,TRADE
QLD1,2024/04/26 21:20:00,6573.71,138.55,TRADE
QLD1,2024/04/26 21:25:00,6485.17,135.71,TRADE
QLD1,2024/04/26 21:30:00,6515.39,136.48,TRADE
QLD1,2024/04/26 21:35:00,6471.65,136.37,TRADE
QLD1,2024/04/26 21:40:00,6477.12,135.92,TRADE
QLD1,2024/04/26 21:45:00,6459.38,127.70,TRADE
QLD1,2024/04/26 21:50:00,6485.63,126.03,TRADE
QLD1,2024/04/26 21:55:00,6511.64,120,TRADE
QLD1,2024/04/26 22:00:00,6443.48,115.75,TRADE
QLD1,2024/04/26 22:05:00,6409.28,129.60,TRADE
QLD1,2024/04/26 22:10:00,6372.96,138.98,TRADE
QLD1,2024/04/26 22:15:00,6376.42,138.98,TRADE
QLD1,2024/04/26 22:20:00,6364.15,140.33,TRADE
QLD1,2024/04/26 22:25:00,6338.11,138.42,TRADE
QLD1,2024/04/26 22:30:00,6176.24,121.93,TRADE
QLD1,2024/04/26 22:35:00,6229.75,127.57,TRADE
QLD1,2024/04/26 22:40:00,6264.19,120,TRADE
QLD1,2024/04/26 22:45:00,6222.97,114.03,TRADE
QLD1,2024/04/26 22:50:00,6191.67,114.07,TRADE
QLD1,2024/04/26 22:55:00,6120.83,113.83,TRADE
QLD1,2024/04/26 23:00:00,6024.85,112.27,TRADE
QLD1,2024/04/26 23:05:00,6044.1,113.65,TRADE
QLD1,2024/04/26 23:10:00,5963.55,138.98,TRADE
QLD1,2024/04/26 23:15:00,6031.52,143.36,TRADE
QLD1,2024/04/26 23:20:00,6067.82,143.40,TRADE
QLD1,2024/04/26 23:25:00,5956.77,111.41,TRADE
QLD1,2024/04/26 23:30:00,5898.15,111.12,TRADE
QLD1,2024/04/26 23:35:00,5939.49,138.98,TRADE
QLD1,2024/04/26 23:40:00,5928.68,140.26,TRADE
QLD1,2024/04/26 23:45:00,5893.07,131.98,TRADE
QLD1,2024/04/26 23:50:00,5850.09,110.39,TRADE
QLD1,2024/04/26 23:55:00,5849.87,138.21,TRADE
QLD1,2024/04/27 00:00:00,5755.6,136.20,TRADE
QLD1,2024/04/27 00:05:00,5739.6,138.98,TRADE
QLD1,2024/04/27 00:10:00,5709.31,107.82,TRADE
QLD1,2024/04/27 00:15:00,5690.39,138.60,TRADE
QLD1,2024/04/27 00:20:00,5660.09,100.75,TRADE
QLD1,2024/04/27 00:25:00,5734.7,112.11,TRADE
QLD1,2024/04/27 00:30:00,5682.64,111.08,TRADE
QLD1,2024/04/27 00:35:00,5678.41,100.75,TRADE
QLD1,2024/04/27 00:40:00,5653.94,104.85,TRADE
QLD1,2024/04/27 00:45:00,5643.59,138.98,TRADE
QLD1,2024/04/27 00:50:00,5624.56,100.75,TRADE
QLD1,2024/04/27 00:55:00,5630.57,85.83,TRADE
QLD1,2024/04/27 01:00:00,5602.05,100.75,TRADE
QLD1,2024/04/27 01:05:00,5582.69,110.94,TRADE
QLD1,2024/04/27 01:10:00,5602.01,100.75,TRADE
QLD1,2024/04/27 01:15:00,5550.23,100.75,TRADE
QLD1,2024/04/27 01:20:00,5578.72,102.12,TRADE
QLD1,2024/04/27 01:25:00,5539.19,86.30,TRADE
QLD1,2024/04/27 01:30:00,5469.06,83.31,TRADE
QLD1,2024/04/27 01:35:00,5488.3,85.60,TRADE
QLD1,2024/04/27 01:40:00,5496.15,85.60,TRADE
QLD1,2024/04/27 01:45:00,5524.34,100.75,TRADE
QLD1,2024/04/27 01:50:00,5486.77,86.03,TRADE
QLD1,2024/04/27 01:55:00,5479.37,85.55,TRADE
QLD1,2024/04/27 02:00:00,5473.29,85.01,TRADE
QLD1,2024/04/27 02:05:00,5454.45,85.55,TRADE
QLD1,2024/04/27 02:10:00,5464.23,100.74,TRADE
QLD1,2024/04/27 02:15:00,5385.1,84.55,TRADE
QLD1,2024/04/27 02:20:00,5430.99,85.55,TRADE
QLD1,2024/04/27 02:25:00,5435.59,85.55,TRADE
QLD1,2024/04/27 02:30:00,5434.19,85.55,TRADE
QLD1,2024/04/27 02:35:00,5443.64,84.99,TRADE
QLD1,2024/04/27 02:40:00,5397.51,84.82,TRADE
QLD1,2024/04/27 02:45:00,5414.02,85.42,TRADE
QLD1,2024/04/27 02:50:00,5412.19,85.44,TRADE
QLD1,2024/04/27 02:55:00,5323.92,72.22,TRADE
QLD1,2024/04/27 03:00:00,5389,85.55,TRADE
QLD1,2024/04/27 03:05:00,5425.89,85.55,TRADE
QLD1,2024/04/27 03:10:00,5421.67,100.75,TRADE
QLD1,2024/04/27 03:15:00,5372.55,93.27,TRADE
QLD1,2024/04/27 03:20:00,5336.6,91.98,TRADE
QLD1,2024/04/27 03:25:00,5429.16,100.75,TRADE
QLD1,2024/04/27 03:30:00,5366.62,85.55,TRADE
QLD1,2024/04/27 03:35:00,5347.47,85.55,TRADE
QLD1,2024/04/27 03:40:00,5363.77,85.55,TRADE
QLD1,2024/04/27 03:45:00,5351.17,83.71,TRADE
QLD1,2024/04/27 03:50:00,5337.78,83.69,TRADE
QLD1,2024/04/27 03:55:00,5456.05,85.55,TRADE
QLD1,2024/04/27 04:00:00,5375.4,85.55,TRADE
QLD1,2024/04/27 04:05:00,5363.45,85.55,TRADE
QLD1,2024/04/27 04:10:00,5396.44,93.19,TRADE
QLD1,2024/04/27 04:15:00,5368.35,90.17,TRADE
QLD1,2024/04/27 04:20:00,5427.07,85.55,TRADE
QLD1,2024/04/27 04:25:00,5390.47,85.60,TRADE
QLD1,2024/04/27 04:30:00,5446.62,100.75,TRADE
QLD1,2024/04/27 04:35:00,5385.16,85.60,TRADE
QLD1,2024/04/27 04:40:00,5371.8,85.55,TRADE
QLD1,2024/04/27 04:45:00,5387.5,85.55,TRADE
QLD1,2024/04/27 04:50:00,5393.82,85.55,TRADE
QLD1,2024/04/27 04:55:00,5391.68,86.74,TRADE
QLD1,2024/04/27 05:00:00,5428.95,88.05,TRADE
QLD1,2024/04/27 05:05:00,5467,90.08,TRADE
QLD1,2024/04/27 05:10:00,5462.48,87.81,TRADE
QLD1,2024/04/27 05:15:00,5457.71,85.60,TRADE
QLD1,2024/04/27 05:20:00,5519.95,88.88,TRADE
QLD1,2024/04/27 05:25:00,5529.28,90.39,TRADE
QLD1,2024/04/27 05:30:00,5474.6,89.27,TRADE
QLD1,2024/04/27 05:35:00,5521.68,89.29,TRADE
QLD1,2024/04/27 05:40:00,5567.12,89.50,TRADE
QLD1,2024/04/27 05:45:00,5530.98,93.33,TRADE
QLD1,2024/04/27 05:50:00,5529.29,94.64,TRADE
QLD1,2024/04/27 05:55:00,5527.22,100.75,TRADE
QLD1,2024/04/27 06:00:00,5570.06,96.01,TRADE
QLD1,2024/04/27 06:05:00,5535.63,96.01,TRADE
QLD1,2024/04/27 06:10:00,5586.21,96.01,TRADE
QLD1,2024/04/27 06:15:00,5611.76,99.33,TRADE
QLD1,2024/04/27 06:20:00,5693.03,99.43,TRADE
QLD1,2024/04/27 06:25:00,5684.41,97.27,TRADE
QLD1,2024/04/27 06:30:00,5689.46,97.90,TRADE
QLD1,2024/04/27 06:35:00,5710.13,96.01,TRADE
QLD1,2024/04/27 06:40:00,5691.6,97.32,TRADE
QLD1,2024/04/27 06:45:00,5624.71,96.01,TRADE
QLD1,2024/04/27 06:50:00,5622.65,85.60,TRADE
QLD1,2024/04/27 06:55:00,5614.35,64.09,TRADE
QLD1,2024/04/27 07:00:00,5544.44,48.75,TRADE
QLD1,2024/04/27 07:05:00,5519.21,48.60,TRADE
QLD1,2024/04/27 07:10:00,5487.86,43.12,TRADE
QLD1,2024/04/27 07:15:00,5492.57,48.55,TRADE
QLD1,2024/04/27 07:20:00,5559.23,48.75,TRADE
QLD1,2024/04/27 07:25:00,5433.68,18.84,TRADE
QLD1,2024/04/27 07:30:00,5447,18.84,TRADE
QLD1,2024/04/27 07:35:00,5356.69,-10.50,TRADE
QLD1,2024/04/27 07:40:00,5278.02,-10.80,TRADE
QLD1,2024/04/27 07:45:00,5233.85,34.29,TRADE
QLD1,2024/04/27 07:50:00,5176.64,23.76,TRADE
QLD1,2024/04/27 07:55:00,5156.13,-10.80,TRADE
QLD1,2024/04/27 08:00:00,5125.59,0,TRADE
QLD1,2024/04/27 08:05:00,5050.05,-10.80,TRADE
QLD1,2024/04/27 08:10:00,5110.69,3.65,TRADE
QLD1,2024/04/27 08:15:00,5012.17,-10.80,TRADE
QLD1,2024/04/27 08:20:00,4972.24,-5,TRADE
QLD1,2024/04/27 08:25:00,4932.4,-10.80,TRADE
QLD1,2024/04/27 08:30:00,4875.65,-20.50,TRADE
QLD1,2024/04/27 08:35:00,4772.04,-20.50,TRADE
QLD1,2024/04/27 08:40:00,4719.08,-20.50,TRADE
QLD1,2024/04/27 08:45:00,4754.8,-10.80,TRADE
QLD1,2024/04/27 08:50:00,4617.5,-20.50,TRADE
QLD1,2024/04/27 08:55:00,4597.14,-20.50,TRADE
QLD1,2024/04/27 09:00:00,4603.12,-20.50,TRADE
QLD1,2024/04/27 09:05:00,4616.26,-20.50,TRADE
QLD1,2024/04/27 09:10:00,4594.79,-20.50,TRADE
QLD1,2024/04/27 09:15:00,4583.12,-20.50,TRADE
QLD1,2024/04/27 09:20:00,4495.47,-25.40,TRADE
QLD1,2024/04/27 09:25:00,4450.06,-25.40,TRADE
QLD1,2024/04/27 09:30:00,4380.28,-35.82,TRADE
QLD1,2024/04/27 09:35:00,4342.48,-35.82,TRADE
QLD1,2024/04/27 09:40:00,4336.5,-35.82,TRADE
QLD1,2024/04/27 09:45:00,4223.01,-41.60,TRADE
QLD1,2024/04/27 09:50:00,4212.83,-41.60,TRADE
QLD1,2024/04/27 09:55:00,4142.76,-45.01,TRADE
QLD1,2024/04/27 10:00:00,4116.56,-43.35,TRADE
QLD1,2024/04/27 10:05:00,4064.9,-43.16,TRADE
QLD1,2024/04/27 10:10:00,4141.07,-45.06,TRADE
QLD1,2024/04/27 10:15:00,4079.82,-41.88,TRADE
QLD1,2024/04/27 10:20:00,4100.22,-42.15,TRADE
QLD1,2024/04/27 10:25:00,4073.17,-41.60,TRADE
QLD1,2024/04/27 10:30:00,4039.06,-40.78,TRADE
QLD1,2024/04/27 10:35:00,4033.44,-39.40,TRADE
QLD1,2024/04/27 10:40:00,4142.59,-37.26,TRADE
QLD1,2024/04/27 10:45:00,4100.16,-36.28,TRADE
QLD1,2024/04/27 10:50:00,4122.39,-36.86,TRADE
QLD1,2024/04/27 10:55:00,4209.04,-37.70,TRADE
QLD1,2024/04/27 11:00:00,4244.06,-37.33,TRADE
QLD1,2024/04/27 11:05:00,4191.57,-37.62,TRADE
QLD1,2024/04/27 11:10:00,4359.54,-36.57,TRADE
QLD1,2024/04/27 11:15:00,4398.94,-35.82,TRADE
QLD1,2024/04/27 11:20:00,4465.03,-20.50,TRADE
QLD1,2024/04/27 11:25:00,4572.4,-26.83,TRADE
QLD1,2024/04/27 11:30:00,4631.38,-20.50,TRADE
QLD1,2024/04/27 11:35:00,4586.07,-27.75,TRADE
QLD1,2024/04/27 11:40:00,4620.33,-20.50,TRADE
QLD1,2024/04/27 11:45:00,4684.57,-20.50,TRADE
QLD1,2024/04/27 11:50:00,4634,-20.50,TRADE
QLD1,2024/04/27 11:55:00,4605.14,-20.50,TRADE
QLD1,2024/04/27 12:00:00,4614.28,-20.50,TRADE
QLD1,2024/04/27 12:05:00,4539.07,-20.50,TRADE
QLD1,2024/04/27 12:10:00,4559.21,-35,TRADE
QLD1,2024/04/27 12:15:00,4542.16,-20.50,TRADE
QLD1,2024/04/27 12:20:00,4465.51,-20.50,TRADE
QLD1,2024/04/27 12:25:00,4532.81,-20.50,TRADE
QLD1,2024/04/27 12:30:00,4481.09,-35,TRADE
QLD1,2024/04/27 12:35:00,4576.4,-20.50,TRADE
QLD1,2024/04/27 12:40:00,4621.48,-20.50,TRADE
QLD1,2024/04/27 12:45:00,4548.42,-20.50,TRADE
QLD1,2024/04/27 12:50:00,4460.15,-20.50,TRADE
QLD1,2024/04/27 12:55:00,4544.06,-20.50,TRADE
QLD1,2024/04/27 13:00:00,4493.62,-20.50,TRADE
QLD1,2024/04/27 13:05:00,4483.65,-20.50,TRADE
QLD1,2024/04/27 13:10:00,4536.2,-20.50,TRADE
QLD1,2024/04/27 13:15:00,4569.42,-20.50,TRADE
QLD1,2024/04/27 13:20:00,4545.5,-25.40,TRADE
QLD1,2024/04/27 13:25:00,4597.04,-8.07,TRADE
QLD1,2024/04/27 13:30:00,4628.09,-8.29,TRADE
QLD1,2024/04/27 13:35:00,4546.47,-20.50,TRADE
QLD1,2024/04/27 13:40:00,4577.28,-5,TRADE
QLD1,2024/04/27 13:45:00,4659.93,-13.03,TRADE
QLD1,2024/04/27 13:50:00,4668.99,-10,TRADE
QLD1,2024/04/27 13:55:00,4643,-20.50,TRADE
QLD1,2024/04/27 14:00:00,4641.89,6.21,TRADE
QLD1,2024/04/27 14:05:00,4664.56,-10,TRADE
QLD1,2024/04/27 14:10:00,4717.36,-10,TRADE
QLD1,2024/04/27 14:15:00,4695.36,-10,TRADE
QLD1,2024/04/27 14:20:00,4775.12,34.55,TRADE
QLD1,2024/04/27 14:25:00,4890.3,34.55,TRADE
QLD1,2024/04/27 14:30:00,4891.95,6.76,TRADE
QLD1,2024/04/27 14:35:00,4988.39,34.55,TRADE
QLD1,2024/04/27 14:40:00,5069.87,32.62,TRADE
QLD1,2024/04/27 14:45:00,5065.1,34.55,TRADE
QLD1,2024/04/27 14:50:00,5101.45,34.55,TRADE
QLD1,2024/04/27 14:55:00,5187.57,38.75,TRADE
QLD1,2024/04/27 15:00:00,5207.53,35.96,TRADE
QLD1,2024/04/27 15:05:00,5263.09,38.55,TRADE
QLD1,2024/04/27 15:10:00,5350.14,38.60,TRADE
QLD1,2024/04/27 15:15:00,5443.71,48.28,TRADE
QLD1,2024/04/27 15:20:00,5483.23,38.55,TRADE
QLD1,2024/04/27 15:25:00,5591.06,48.94,TRADE
QLD1,2024/04/27 15:30:00,5582.57,67.45,TRADE
QLD1,2024/04/27 15:35:00,5692.6,77.65,TRADE
QLD1,2024/04/27 15:40:00,5739.55,48.55,TRADE
QLD1,2024/04/27 15:45:00,5838.55,78.65,TRADE
QLD1,2024/04/27 15:50:00,6020.04,90.60,TRADE
QLD1,2024/04/27 15:55:00,6069.19,129.60,TRADE
QLD1,2024/04/27 16:00:00,6147.81,55.80,TRADE
QLD1,2024/04/27 16:05:00,6152.11,50.71,TRADE
QLD1,2024/04/27 16:10:00,6209.23,59.60,TRADE
QLD1,2024/04/27 16:15:00,6292.22,81.07,TRADE
QLD1,2024/04/27 16:20:00,6354.48,125.95,TRADE
QLD1,2024/04/27 16:25:00,6461.45,128.13,TRADE
QLD1,2024/04/27 16:30:00,6523.95,272.17,TRADE
QLD1,2024/04/27 16:35:00,6535.13,100.75,TRADE
QLD1,2024/04/27 16:40:00,6603.54,108.30,TRADE
QLD1,2024/04/27 16:45:00,6678.15,138.98,TRADE
QLD1,2024/04/27 16:50:00,6698.82,266.62,TRADE
QLD1,2024/04/27 16:55:00,6731.65,252.52,TRADE
QLD1,2024/04/27 17:00:00,6691.96,145.20,TRADE
QLD1,2024/04/27 17:05:00,6820.64,251.84,TRADE
QLD1,2024/04/27 17:10:00,6828.64,278.51,TRADE
QLD1,2024/04/27 17:15:00,6941.97,265.64,TRADE
QLD1,2024/04/27 17:20:00,6939.71,260.16,TRADE
QLD1,2024/04/27 17:25:00,6956.75,239.36,TRADE
QLD1,2024/04/27 17:30:00,7080.79,276.55,TRADE
QLD1,2024/04/27 17:35:00,7082.8,261.01,TRADE
QLD1,2024/04/27 17:40:00,7004.92,242.85,TRADE
QLD1,2024/04/27 17:45:00,7109.08,254.69,TRADE
QLD1,2024/04/27 17:50:00,7145.19,262.07,TRADE
QLD1,2024/04/27 17:55:00,7072.42,208.08,TRADE
QLD1,2024/04/27 18:00:00,7092.76,245.12,TRADE
QLD1,2024/04/27 18:05:00,7105.22,253.90,TRADE
QLD1,2024/04/27 18:10:00,7026.88,250.34,TRADE
QLD1,2024/04/27 18:15:00,7095.58,267.30,TRADE
QLD1,2024/04/27 18:20:00,7022.44,228.60,TRADE
QLD1,2024/04/27 18:25:00,7045.11,196.63,TRADE
QLD1,2024/04/27 18:30:00,6984.4,188.47,TRADE
QLD1,2024/04/27 18:35:00,7074.52,184.15,TRADE
QLD1,2024/04/27 18:40:00,7033.14,140.85,TRADE
QLD1,2024/04/27 18:45:00,6990.1,138.80,TRADE
QLD1,2024/04/27 18:50:00,6856.79,138.98,TRADE
QLD1,2024/04/27 18:55:00,6934.89,137.86,TRADE
QLD1,2024/04/27 19:00:00,6830.21,115.75,TRADE
QLD1,2024/04/27 19:05:00,6871.77,123.31,TRADE
QLD1,2024/04/27 19:10:00,6799.64,120,TRADE
QLD1,2024/04/27 19:15:00,6807.15,115.75,TRADE
QLD1,2024/04/27 19:20:00,6845.68,102.71,TRADE
QLD1,2024/04/27 19:25:00,6734.46,99.32,TRADE
QLD1,2024/04/27 19:30:00,6713.33,99.32,TRADE
QLD1,2024/04/27 19:35:00,6662.21,100.41,TRADE
QLD1,2024/04/27 19:40:00,6678.12,115.75,TRADE
QLD1,2024/04/27 19:45:00,6672.69,125.13,TRADE
QLD1,2024/04/27 19:50:00,6747.35,136.63,TRADE
QLD1,2024/04/27 19:55:00,6715,131.57,TRADE
QLD1,2024/04/27 20:00:00,6754.77,136.63,TRADE
QLD1,2024/04/27 20:05:00,6722.93,119.79,TRADE
QLD1,2024/04/27 20:10:00,6658.57,136.83,TRADE
QLD1,2024/04/27 20:15:00,6654.07,100.75,TRADE
QLD1,2024/04/27 20:20:00,6602.34,107.74,TRADE
QLD1,2024/04/27 20:25:00,6615.45,114.27,TRADE
QLD1,2024/04/27 20:30:00,6623.2,107.23,TRADE
QLD1,2024/04/27 20:35:00,6577.11,115.75,TRADE
QLD1,2024/04/27 20:40:00,6504.69,115.75,TRADE
QLD1,2024/04/27 20:45:00,6508.72,124.85,TRADE
QLD1,2024/04/27 20:50:00,6549.6,131.22,TRADE
QLD1,2024/04/27 20:55:00,6477.73,115.75,TRADE
QLD1,2024/04/27 21:00:00,6483.63,115.52,TRADE
QLD1,2024/04/27 21:05:00,6507.48,139.91,TRADE
QLD1,2024/04/27 21:10:00,6474.23,138.98,TRADE
QLD1,2024/04/27 21:15:00,6439.13,138.98,TRADE
QLD1,2024/04/27 21:20:00,6348.9,115.75,TRADE
QLD1,2024/04/27 21:25:00,6326.19,107.49,TRADE
QLD1,2024/04/27 21:30:00,6275.42,124.50,TRADE
QLD1,2024/04/27 21:35:00,6292.94,115.75,TRADE
QLD1,2024/04/27 21:40:00,6215.92,134.77,TRADE
QLD1,2024/04/27 21:45:00,6363.52,166.74,TRADE
QLD1,2024/04/27 21:50:00,6380.31,139.37,TRADE
QLD1,2024/04/27 21:55:00,6332.19,138.98,TRADE
QLD1,2024/04/27 22:00:00,6275.41,138.28,TRADE
QLD1,2024/04/27 22:05:00,6187.99,138.98,TRADE
QLD1,2024/04/27 22:10:00,6156.69,138.98,TRADE
QLD1,2024/04/27 22:15:00,6267.3,272.96,TRADE
QLD1,2024/04/27 22:20:00,6162.72,263.01,TRADE
QLD1,2024/04/27 22:25:00,6164.17,246.62,TRADE
QLD1,2024/04/27 22:30:00,6045.05,226.63,TRADE
QLD1,2024/04/27 22:35:00,6037.82,228.05,TRADE
QLD1,2024/04/27 22:40:00,6061.72,230.93,TRADE
QLD1,2024/04/27 22:45:00,6055.54,151.74,TRADE
QLD1,2024/04/27 22:50:00,6065.84,141.91,TRADE
QLD1,2024/04/27 22:55:00,6013.19,141.84,TRADE
QLD1,2024/04/27 23:00:00,6000,148.27,TRADE
QLD1,2024/04/27 23:05:00,5942.82,135.60,TRADE
QLD1,2024/04/27 23:10:00,5934.22,148.96,TRADE
QLD1,2024/04/27 23:15:00,5840.36,147.33,TRADE
QLD1,2024/04/27 23:20:00,5892.7,145.30,TRADE
QLD1,2024/04/27 23:25:00,5812.02,121.76,TRADE
QLD1,2024/04/27 23:30:00,5751.51,100.75,TRADE
QLD1,2024/04/27 23:35:00,5810.57,177.21,TRADE
QLD1,2024/04/27 23:40:00,5771.41,125.31,TRADE
QLD1,2024/04/27 23:45:00,5717.44,100.75,TRADE
QLD1,2024/04/27 23:50:00,5664.78,101.90,TRADE
QLD1,2024/04/27 23:55:00,5690.87,120.88,TRADE
QLD1,2024/04/28 00:00:00,5628.86,120.80,TRADE
QLD1,2024/04/28 00:05:00,5613.63,100.75,TRADE
QLD1,2024/04/28 00:10:00,5562.11,126.98,TRADE
QLD1,2024/04/28 00:15:00,5584.79,100.75,TRADE
QLD1,2024/04/28 00:20:00,5519.1,85.55,TRADE
QLD1,2024/04/28 00:25:00,5490.69,85.55,TRADE
QLD1,2024/04/28 00:30:00,5468.59,81.49,TRADE
QLD1,2024/04/28 00:35:00,5505.03,85.60,TRADE
QLD1,2024/04/28 00:40:00,5524.58,97.33,TRADE
QLD1,2024/04/28 00:45:00,5522.43,85.55,TRADE
QLD1,2024/04/28 00:50:00,5476.3,85.55,TRADE
QLD1,2024/04/28 00:55:00,5453.49,85.55,TRADE
QLD1,2024/04/28 01:00:00,5478.18,96.53,TRADE
QLD1,2024/04/28 01:05:00,5468.54,100.75,TRADE
QLD1,2024/04/28 01:10:00,5472.37,100.82,TRADE
QLD1,2024/04/28 01:15:00,5423.89,97.74,TRADE
QLD1,2024/04/28 01:20:00,5440.45,97.73,TRADE
QLD1,2024/04/28 01:25:00,5407.38,97.63,TRADE
QLD1,2024/04/28 01:30:00,5358.02,81.81,TRADE
QLD1,2024/04/28 01:35:00,5348.65,82.41,TRADE
QLD1,2024/04/28 01:40:00,5454.04,85.60,TRADE
QLD1,2024/04/28 01:45:00,5397.93,85.60,TRADE
QLD1,2024/04/28 01:50:00,5402.29,82.62,TRADE
QLD1,2024/04/28 01:55:00,5355.82,71.03,TRADE
QLD1,2024/04/28 02:00:00,5372.97,77.20,TRADE
QLD1,2024/04/28 02:05:00,5302.07,73.76,TRADE
QLD1,2024/04/28 02:10:00,5362,85.55,TRADE
QLD1,2024/04/28 02:15:00,5323.7,81.63,TRADE
QLD1,2024/04/28 02:20:00,5349.94,81.30,TRADE
QLD1,2024/04/28 02:25:00,5295.58,80.20,TRADE
QLD1,2024/04/28 02:30:00,5372.63,97.07,TRADE
QLD1,2024/04/28 02:35:00,5306.76,85.55,TRADE
QLD1,2024/04/28 02:40:00,5304.92,98.08,TRADE
QLD1,2024/04/28 02:45:00,5300.44,85.60,TRADE
QLD1,2024/04/28 02:50:00,5285.84,94.80,TRADE
QLD1,2024/04/28 02:55:00,5324.66,95.73,TRADE
QLD1,2024/04/28 03:00:00,5369.95,85.55,TRADE
QLD1,2024/04/28 03:05:00,5302.04,95,TRADE
QLD1,2024/04/28 03:10:00,5283.68,86.77,TRADE
QLD1,2024/04/28 03:15:00,5350.2,99.27,TRADE
QLD1,2024/04/28 03:20:00,5252.03,80.91,TRADE
QLD1,2024/04/28 03:25:00,5295.54,85.60,TRADE
QLD1,2024/04/28 03:30:00,5240.43,83.63,TRADE
QLD1,2024/04/28 03:35:00,5267.49,100.75,TRADE
QLD1,2024/04/28 03:40:00,5280.9,101.15,TRADE
QLD1,2024/04/28 03:45:00,5256.26,100.75,TRADE
QLD1,2024/04/28 03:50:00,5273.16,103.19,TRADE
QLD1,2024/04/28 03:55:00,5276.19,99.72,TRADE
QLD1,2024/04/28 04:00:00,5276.1,96.72,TRADE
QLD1,2024/04/28 04:05:00,5236.72,95.43,TRADE
QLD1,2024/04/28 04:10:00,5249.72,85.60,TRADE
QLD1,2024/04/28 04:15:00,5281.35,96.78,TRADE
QLD1,2024/04/28 04:20:00,5278.54,85.55,TRADE
QLD1,2024/04/28 04:25:00,5267.85,85.55,TRADE
QLD1,2024/04/28 04:30:00,5267.96,96.75,TRADE
QLD1,2024/04/28 04:35:00,5329.79,85.55,TRADE
QLD1,2024/04/28 04:40:00,5289.1,85.55,TRADE
QLD1,2024/04/28 04:45:00,5320.53,86.53,TRADE
QLD1,2024/04/28 04:50:00,5283.97,96.16,TRADE
QLD1,2024/04/28 04:55:00,5363.99,100.54,TRADE
QLD1,2024/04/28 05:00:00,5334.56,91.72,TRADE
QLD1,2024/04/28 05:05:00,5396.79,97.17,TRADE
QLD1,2024/04/28 05:10:00,5404.32,100.37,TRADE
QLD1,2024/04/28 05:15:00,5393.01,97.01,TRADE
QLD1,2024/04/28 05:20:00,5348.43,96.37,TRADE
QLD1,2024/04/28 05:25:00,5335.41,92.51,TRADE
QLD1,2024/04/28 05:30:00,5364.23,96.37,TRADE
QLD1,2024/04/28 05:35:00,5354.52,85.55,TRADE
QLD1,2024/04/28 05:40:00,5421.33,85.55,TRADE
QLD1,2024/04/28 05:45:00,5427.66,100.75,TRADE
QLD1,2024/04/28 05:50:00,5361.55,96.41,TRADE
QLD1,2024/04/28 05:55:00,5421.4,97.70,TRADE
QLD1,2024/04/28 06:00:00,5400.4,97.77,TRADE
QLD1,2024/04/28 06:05:00,5395,82.21,TRADE
QLD1,2024/04/28 06:10:00,5453.37,96.66,TRADE
QLD1,2024/04/28 06:15:00,5508.96,100.19,TRADE
QLD1,2024/04/28 06:20:00,5533.53,100.46,TRADE
QLD1,2024/04/28 06:25:00,5528.19,97.49,TRADE
QLD1,2024/04/28 06:30:00,5562.92,100.75,TRADE
QLD1,2024/04/28 06:35:00,5527.61,78.90,TRADE
QLD1,2024/04/28 06:40:00,5520.01,85.55,TRADE
QLD1,2024/04/28 06:45:00,5425.35,76.29,TRADE
QLD1,2024/04/28 06:50:00,5449.09,75.81,TRADE
QLD1,2024/04/28 06:55:00,5417.03,75.91,TRADE
QLD1,2024/04/28 07:00:00,5453.77,75.95,TRADE
QLD1,2024/04/28 07:05:00,5390.24,71.79,TRADE
QLD1,2024/04/28 07:10:00,5437.1,60.69,TRADE
QLD1,2024/04/28 07:15:00,5362.16,48.55,TRADE
QLD1,2024/04/28 07:20:00,5315.71,48.55,TRADE
QLD1,2024/04/28 07:25:00,5338.7,31.88,TRADE
QLD1,2024/04/28 07:30:00,5330,18.84,TRADE
QLD1,2024/04/28 07:35:00,5218.64,5.10,TRADE
QLD1,2024/04/28 07:40:00,5229.26,-20.50,TRADE
QLD1,2024/04/28 07:45:00,5195.38,-20.50,TRADE
QLD1,2024/04/28 07:50:00,5271.59,18.84,TRADE
QLD1,2024/04/28 07:55:00,5221.15,-10.80,TRADE
QLD1,2024/04/28 08:00:00,5185.93,-20.50,TRADE
QLD1,2024/04/28 08:05:00,4999.12,-20.50,TRADE
QLD1,2024/04/28 08:10:00,5183.42,34.55,TRADE
QLD1,2024/04/28 08:15:00,5070.65,-20.50,TRADE
QLD1,2024/04/28 08:20:00,4982.89,-35,TRADE
QLD1,2024/04/28 08:25:00,4962.69,-20.50,TRADE
QLD1,2024/04/28 08:30:00,4894.93,-20.50,TRADE
QLD1,2024/04/28 08:35:00,4778.9,-25.40,TRADE
QLD1,2024/04/28 08:40:00,4738.87,-35.82,TRADE
QLD1,2024/04/28 08:45:00,4819.87,-20.50,TRADE
QLD1,2024/04/28 08:50:00,4707.27,-20.50,TRADE
QLD1,2024/04/28 08:55:00,4707.83,-20.50,TRADE
QLD1,2024/04/28 09:00:00,4617.45,-25.40,TRADE
QLD1,2024/04/28 09:05:00,4544.45,-25.40,TRADE
QLD1,2024/04/28 09:10:00,4614.85,-25.40,TRADE
QLD1,2024/04/28 09:15:00,4490.87,-35.82,TRADE
QLD1,2024/04/28 09:20:00,4419.27,-42.01,TRADE
QLD1,2024/04/28 09:25:00,4331.09,-42.01,TRADE
QLD1,2024/04/28 09:30:00,4371.24,-39.89,TRADE
QLD1,2024/04/28 09:35:00,4274.65,-38.10,TRADE
QLD1,2024/04/28 09:40:00,4262.07,-37.06,TRADE
QLD1,2024/04/28 09:45:00,4295.61,-37.27,TRADE
QLD1,2024/04/28 09:50:00,4262.53,-36.57,TRADE
QLD1,2024/04/28 09:55:00,4227.74,-39.59,TRADE
QLD1,2024/04/28 10:00:00,4224.13,-40.73,TRADE
QLD1,2024/04/28 10:05:00,4224,-37.19,TRADE
QLD1,2024/04/28 10:10:00,4265.19,-36.57,TRADE
QLD1,2024/04/28 10:15:00,4282.07,-36.66,TRADE
QLD1,2024/04/28 10:20:00,4186.07,-36.57,TRADE
QLD1,2024/04/28 10:25:00,4321.39,-40.78,TRADE
QLD1,2024/04/28 10:30:00,4359.7,-37.41,TRADE
QLD1,2024/04/28 10:35:00,4321.58,-37.88,TRADE
QLD1,2024/04/28 10:40:00,4398.64,-38.28,TRADE
QLD1,2024/04/28 10:45:00,4392.8,-39.09,TRADE
QLD1,2024/04/28 10:50:00,4228.33,-37.97,TRADE
QLD1,2024/04/28 10:55:00,4416.84,-37.72,TRADE
QLD1,2024/04/28 11:00:00,4483.63,-38.76,TRADE
QLD1,2024/04/28 11:05:00,4491.02,-38.75,TRADE
QLD1,2024/04/28 11:10:00,4550.23,-39.55,TRADE
QLD1,2024/04/28 11:15:00,4555.96,-38.62,TRADE
QLD1,2024/04/28 11:20:00,4381.42,-42.14,TRADE
QLD1,2024/04/28 11:25:00,4597.36,-41.57,TRADE
QLD1,2024/04/28 11:30:00,4686.23,-41.94,TRADE
QLD1,2024/04/28 11:35:00,4617.24,-40.82,TRADE
QLD1,2024/04/28 11:40:00,4697.71,-41.60,TRADE
QLD1,2024/04/28 11:45:00,4693.74,-42.73,TRADE
QLD1,2024/04/28 11:50:00,4642.86,-40.94,TRADE
QLD1,2024/04/28 11:55:00,4592.66,-40.90,TRADE
QLD1,2024/04/28 12:00:00,4569.37,-40.47,TRADE
QLD1,2024/04/28 12:05:00,4659.28,-42.67,TRADE
QLD1,2024/04/28 12:10:00,4654.93,-42.03,TRADE
QLD1,2024/04/28 12:15:00,4599.81,-41.87,TRADE
QLD1,2024/04/28 12:20:00,4540.24,-45.40,TRADE
QLD1,2024/04/28 12:25:00,4623.59,-45.06,TRADE
QLD1,2024/04/28 12:30:00,4523.06,-41.01,TRADE
QLD1,2024/04/28 12:35:00,4588.95,-42.40,TRADE
QLD1,2024/04/28 12:40:00,4561.88,-41.29,TRADE
QLD1,2024/04/28 12:45:00,4668.24,-43.28,TRADE
QLD1,2024/04/28 12:50:00,4651.38,-43.87,TRADE
QLD1,2024/04/28 12:55:00,4500.14,-42.66,TRADE
QLD1,2024/04/28 13:00:00,4596.41,-42.76,TRADE
QLD1,2024/04/28 13:05:00,4592.62,-43,TRADE
QLD1,2024/04/28 13:10:00,4616.01,-21.32,TRADE
QLD1,2024/04/28 13:15:00,4551.36,-24.82,TRADE
QLD1,2024/04/28 13:20:00,4486.68,-41.04,TRADE
QLD1,2024/04/28 13:25:00,4472.05,-25.40,TRADE
QLD1,2024/04/28 13:30:00,4533.03,-35,TRADE
QLD1,2024/04/28 13:35:00,4535.1,-42.49,TRADE
QLD1,2024/04/28 13:40:00,4668.54,-10.80,TRADE
QLD1,2024/04/28 13:45:00,4657.17,-25.40,TRADE
QLD1,2024/04/28 13:50:00,4622.33,-25.40,TRADE
QLD1,2024/04/28 13:55:00,4689.25,-20.50,TRADE
QLD1,2024/04/28 14:00:00,4739.53,29.95,TRADE
QLD1,2024/04/28 14:05:00,4870.04,21.88,TRADE
QLD1,2024/04/28 14:10:00,5002.98,31.32,TRADE
QLD1,2024/04/28 14:15:00,4878,21.88,TRADE
QLD1,2024/04/28 14:20:00,4905.35,-10.50,TRADE
QLD1,2024/04/28 14:25:00,5029.56,0,TRADE
QLD1,2024/04/28 14:30:00,5058.2,55.20,TRADE
QLD1,2024/04/28 14:35:00,5161.06,39.57,TRADE
QLD1,2024/04/28 14:40:00,5225.78,53.47,TRADE
QLD1,2024/04/28 14:45:00,5299.55,53.84,TRADE
QLD1,2024/04/28 14:50:00,5391.8,85.60,TRADE
QLD1,2024/04/28 14:55:00,5392.08,49.91,TRADE
QLD1,2024/04/28 15:00:00,5438.34,48.55,TRADE
QLD1,2024/04/28 15:05:00,5512.71,52.88,TRADE
QLD1,2024/04/28 15:10:00,5575.66,85.60,TRADE
QLD1,2024/04/28 15:15:00,5704.53,229.66,TRADE
QLD1,2024/04/28 15:20:00,5820.35,33.32,TRADE
QLD1,2024/04/28 15:25:00,5864.93,85.60,TRADE
QLD1,2024/04/28 15:30:00,5923.39,105.50,TRADE
QLD1,2024/04/28 15:35:00,5923.32,100.75,TRADE
QLD1,2024/04/28 15:40:00,5993.14,105.68,TRADE
QLD1,2024/04/28 15:45:00,6113.15,116.63,TRADE
QLD1,2024/04/28 15:50:00,6191.93,141.69,TRADE
QLD1,2024/04/28 15:55:00,6241.41,116.33,TRADE
QLD1,2024/04/28 16:00:00,6247.74,137.51,TRADE
QLD1,2024/04/28 16:05:00,6244.77,145.63,TRADE
QLD1,2024/04/28 16:10:00,6361.47,100.95,TRADE
QLD1,2024/04/28 16:15:00,6391.51,138.94,TRADE
QLD1,2024/04/28 16:20:00,6520.83,142.05,TRADE
QLD1,2024/04/28 16:25:00,6559.08,103.39,TRADE
QLD1,2024/04/28 16:30:00,6678.94,142.57,TRADE
QLD1,2024/04/28 16:35:00,6701.11,132.01,TRADE
QLD1,2024/04/28 16:40:00,6786.68,194.64,TRADE
QLD1,2024/04/28 16:45:00,6769.84,274.56,TRADE
QLD1,2024/04/28 16:50:00,6909.09,291.07,TRADE
QLD1,2024/04/28 16:55:00,6922.57,277.38,TRADE
QLD1,2024/04/28 17:00:00,6982.4,285.75,TRADE
QLD1,2024/04/28 17:05:00,6981.84,194.01,TRADE
QLD1,2024/04/28 17:10:00,7097.83,195.09,TRADE
QLD1,2024/04/28 17:15:00,7104.9,187.89,TRADE
QLD1,2024/04/28 17:20:00,7158.76,201.33,TRADE
QLD1,2024/04/28 17:25:00,7232.14,285.18,TRADE
QLD1,2024/04/28 17:30:00,7260.22,300.53,TRADE
QLD1,2024/04/28 17:35:00,7300.06,300.90,TRADE
QLD1,2024/04/28 17:40:00,7373.16,303.06,TRADE
QLD1,2024/04/28 17:45:00,7371.24,301.23,TRADE
QLD1,2024/04/28 17:50:00,7413.98,299.69,TRADE
QLD1,2024/04/28 17:55:00,7497.84,296.18,TRADE
QLD1,2024/04/28 18:00:00,7572.73,298.39,TRADE
QLD1,2024/04/28 18:05:00,7444.33,295.99,TRADE
QLD1,2024/04/28 18:10:00,7477.16,299.77,TRADE
QLD1,2024/04/28 18:15:00,7504.92,298.04,TRADE
QLD1,2024/04/28 18:20:00,7415.99,289.91,TRADE
QLD1,2024/04/28 18:25:00,7424.29,290.04,TRADE
QLD1,2024/04/28 18:30:00,7400.04,287.89,TRADE
QLD1,2024/04/28 18:35:00,7368.58,277.01,TRADE
QLD1,2024/04/28 18:40:00,7380.05,258.18,TRADE
QLD1,2024/04/28 18:45:00,7369.47,193.83,TRADE
QLD1,2024/04/28 18:50:00,7243.15,131.44,TRADE
QLD1,2024/04/28 18:55:00,7194.82,124.37,TRADE
QLD1,2024/04/28 19:00:00,7231.1,134.43,TRADE
QLD1,2024/04/28 19:05:00,7184.92,137.10,TRADE
QLD1,2024/04/28 19:10:00,7153.17,134.13,TRADE
QLD1,2024/04/28 19:15:00,7129.11,124.56,TRADE
QLD1,2024/04/28 19:20:00,7047.27,120,TRADE
QLD1,2024/04/28 19:25:00,7040.78,115.75,TRADE
QLD1,2024/04/28 19:30:00,7044.95,134.57,TRADE
QLD1,2024/04/28 19:35:00,6990.65,138.98,TRADE
QLD1,2024/04/28 19:40:00,6953.41,138.68,TRADE
QLD1,2024/04/28 19:45:00,6841.83,115.20,TRADE
QLD1,2024/04/28 19:50:00,6864.71,108.39,TRADE
QLD1,2024/04/28 19:55:00,6876.77,113.01,TRADE
QLD1,2024/04/28 20:00:00,6816.91,108.25,TRADE
QLD1,2024/04/28 20:05:00,6759.62,134.26,TRADE
QLD1,2024/04/28 20:10:00,6805.26,138.98,TRADE
QLD1,2024/04/28 20:15:00,6749.95,136.29,TRADE
QLD1,2024/04/28 20:20:00,6755.07,136.26,TRADE
QLD1,2024/04/28 20:25:00,6691,122.79,TRADE
QLD1,2024/04/28 20:30:00,6566.97,106.38,TRADE
QLD1,2024/04/28 20:35:00,6637.42,113.01,TRADE
QLD1,2024/04/28 20:40:00,6600.51,113.01,TRADE
QLD1,2024/04/28 20:45:00,6570.51,119.40,TRADE
QLD1,2024/04/28 20:50:00,6517.07,105.53,TRADE
QLD1,2024/04/28 20:55:00,6540.38,102.33,TRADE
QLD1,2024/04/28 21:00:00,6428.5,78.66,TRADE
QLD1,2024/04/28 21:05:00,6460.51,106.69,TRADE
QLD1,2024/04/28 21:10:00,6470.12,106.62,TRADE
QLD1,2024/04/28 21:15:00,6482.77,107.40,TRADE
QLD1,2024/04/28 21:20:00,6424.84,97.90,TRADE
QLD1,2024/04/28 21:25:00,6334.66,91.85,TRADE
QLD1,2024/04/28 21:30:00,6376.06,100.75,TRADE
QLD1,2024/04/28 21:35:00,6279.22,97.90,TRADE
QLD1,2024/04/28 21:40:00,6300.84,99.55,TRADE
QLD1,2024/04/28 21:45:00,6195.09,69.79,TRADE
QLD1,2024/04/28 21:50:00,6175.38,97.90,TRADE
QLD1,2024/04/28 21:55:00,6186.9,77.83,TRADE
QLD1,2024/04/28 22:00:00,6134.57,62.73,TRADE
QLD1,2024/04/28 22:05:00,6099.69,113.01,TRADE
QLD1,2024/04/28 22:10:00,6166.54,113.01,TRADE
QLD1,2024/04/28 22:15:00,6235.08,109.48,TRADE
QLD1,2024/04/28 22:20:00,6170.36,127.21,TRADE
QLD1,2024/04/28 22:25:00,6109.34,85.55,TRADE
QLD1,2024/04/28 22:30:00,6039.35,100.75,TRADE
QLD1,2024/04/28 22:35:00,6049.7,127.34,TRADE
QLD1,2024/04/28 22:40:00,6134.5,129.09,TRADE
QLD1,2024/04/28 22:45:00,5995.52,107.65,TRADE
QLD1,2024/04/28 22:50:00,5975.27,107.64,TRADE
QLD1,2024/04/28 22:55:00,5976.87,82.07,TRADE
QLD1,2024/04/28 23:00:00,5853.26,85.55,TRADE
QLD1,2024/04/28 23:05:00,5865.81,99.32,TRADE
QLD1,2024/04/28 23:10:00,5822.75,98.06,TRADE
QLD1,2024/04/28 23:15:00,5913.62,100.75,TRADE
QLD1,2024/04/28 23:20:00,5976.76,108.10,TRADE
QLD1,2024/04/28 23:25:00,5779.88,81.97,TRADE
QLD1,2024/04/28 23:30:00,5728.51,96.54,TRADE
QLD1,2024/04/28 23:35:00,5762.43,97.17,TRADE
QLD1,2024/04/28 23:40:00,5711.44,95.78,TRADE
QLD1,2024/04/28 23:45:00,5728.45,85.55,TRADE
QLD1,2024/04/28 23:50:00,5746.3,97.04,TRADE
QLD1,2024/04/28 23:55:00,5736.82,99.32,TRADE
QLD1,2024/04/29 00:00:00,5677.51,96.35,TRADE
QLD1,2024/04/29 00:05:00,5692.12,85.55,TRADE
QLD1,2024/04/29 00:10:00,5695.91,85.55,TRADE
QLD1,2024/04/29 00:15:00,5588.3,99.58,TRADE
QLD1,2024/04/29 00:20:00,5575.04,96.11,TRADE
QLD1,2024/04/29 00:25:00,5600.29,96.09,TRADE
QLD1,2024/04/29 00:30:00,5517.77,64.59,TRADE
QLD1,2024/04/29 00:35:00,5483.4,86.33,TRADE
QLD1,2024/04/29 00:40:00,5540.91,85.55,TRADE
QLD1,2024/04/29 00:45:00,5504.84,100.75,TRADE
QLD1,2024/04/29 00:50:00,5554.45,85.55,TRADE
QLD1,2024/04/29 00:55:00,5543.11,58.40,TRADE
QLD1,2024/04/29 01:00:00,5505.49,91.45,TRADE
QLD1,2024/04/29 01:05:00,5482.45,92.68,TRADE
QLD1,2024/04/29 01:10:00,5474.65,96.33,TRADE
QLD1,2024/04/29 01:15:00,5479.32,85.55,TRADE
QLD1,2024/04/29 01:20:00,5417.48,86.24,TRADE
QLD1,2024/04/29 01:25:00,5410.95,76.62,TRADE
QLD1,2024/04/29 01:30:00,5425.37,90.10,TRADE
QLD1,2024/04/29 01:35:00,5426.72,96.09,TRADE
QLD1,2024/04/29 01:40:00,5416.76,93.67,TRADE
QLD1,2024/04/29 01:45:00,5455.47,86.33,TRADE
QLD1,2024/04/29 01:50:00,5396.61,85.55,TRADE
QLD1,2024/04/29 01:55:00,5432.56,70.09,TRADE
QLD1,2024/04/29 02:00:00,5365.84,69.10,TRADE
QLD1,2024/04/29 02:05:00,5388.43,71.76,TRADE
QLD1,2024/04/29 02:10:00,5333,92.73,TRADE
QLD1,2024/04/29 02:15:00,5402.43,96.19,TRADE
QLD1,2024/04/29 02:20:00,5471.74,96.47,TRADE
QLD1,2024/04/29 02:25:00,5436.93,94.42,TRADE
QLD1,2024/04/29 02:30:00,5405.15,94.76,TRADE
QLD1,2024/04/29 02:35:00,5425.85,86.33,TRADE
QLD1,2024/04/29 02:40:00,5389.73,80.89,TRADE
QLD1,2024/04/29 02:45:00,5344.17,85.55,TRADE
QLD1,2024/04/29 02:50:00,5377.74,97.10,TRADE
QLD1,2024/04/29 02:55:00,5404.12,91.84,TRADE
QLD1,2024/04/29 03:00:00,5477.32,97.45,TRADE
QLD1,2024/04/29 03:05:00,5381.48,55.43,TRADE
QLD1,2024/04/29 03:10:00,5421.94,59.60,TRADE
QLD1,2024/04/29 03:15:00,5380.78,70.41,TRADE
QLD1,2024/04/29 03:20:00,5406.55,70.46,TRADE
QLD1,2024/04/29 03:25:00,5473.83,85.55,TRADE
QLD1,2024/04/29 03:30:00,5368.59,63.78,TRADE
QLD1,2024/04/29 03:35:00,5378.35,92.48,TRADE
QLD1,2024/04/29 03:40:00,5302.77,85.55,TRADE
QLD1,2024/04/29 03:45:00,5425.8,90.94,TRADE
QLD1,2024/04/29 03:50:00,5423.42,85.55,TRADE
QLD1,2024/04/29 03:55:00,5443.78,72.07,TRADE
QLD1,2024/04/29 04:00:00,5429.58,88.99,TRADE
QLD1,2024/04/29 04:05:00,5458.38,83.22,TRADE
QLD1,2024/04/29 04:10:00,5483.83,85.37,TRADE
QLD1,2024/04/29 04:15:00,5475.82,60.17,TRADE
QLD1,2024/04/29 04:20:00,5511,85.55,TRADE
QLD1,2024/04/29 04:25:00,5455.15,80.29,TRADE
QLD1,2024/04/29 04:30:00,5458.04,71.51,TRADE
QLD1,2024/04/29 04:35:00,5464.11,85.60,TRADE
QLD1,2024/04/29 04:40:00,5502.07,99.32,TRADE
QLD1,2024/04/29 04:45:00,5539.82,100.75,TRADE
QLD1,2024/04/29 04:50:00,5570.42,99.32,TRADE
QLD1,2024/04/29 04:55:00,5565.28,94.40,TRADE
QLD1,2024/04/29 05:00:00,5630.83,94.54,TRADE
QLD1,2024/04/29 05:05:00,5672.17,93.68,TRADE
QLD1,2024/04/29 05:10:00,5714.89,102.46,TRADE
QLD1,2024/04/29 05:15:00,5811.01,102.97,TRADE
QLD1,2024/04/29 05:20:00,5781.36,97.66,TRADE
QLD1,2024/04/29 05:25:00,5806.57,98.15,TRADE
QLD1,2024/04/29 05:30:00,5800.03,99.32,TRADE
QLD1,2024/04/29 05:35:00,5750.44,96.48,TRADE
QLD1,2024/04/29 05:40:00,5815.45,99.32,TRADE
QLD1,2024/04/29 05:45:00,5889.34,100.75,TRADE
QLD1,2024/04/29 05:50:00,5852.03,100.75,TRADE
QLD1,2024/04/29 05:55:00,5953.84,100.75,TRADE
QLD1,2024/04/29 06:00:00,5988.53,107.65,TRADE
QLD1,2024/04/29 06:05:00,5962.12,97.89,TRADE
QLD1,2024/04/29 06:10:00,6085.25,137.09,TRADE
QLD1,2024/04/29 06:15:00,6137.46,136.45,TRADE
QLD1,2024/04/29 06:20:00,6265.73,157.74,TRADE
QLD1,2024/04/29 06:25:00,6290.37,190.74,TRADE
QLD1,2024/04/29 06:30:00,6317,159.25,TRADE
QLD1,2024/04/29 06:35:00,6395.31,218.27,TRADE
QLD1,2024/04/29 06:40:00,6325.55,159.56,TRADE
QLD1,2024/04/29 06:45:00,6406.92,190.74,TRADE
QLD1,2024/04/29 06:50:00,6399.69,145.92,TRADE
QLD1,2024/04/29 06:55:00,6371.55,137.80,TRADE
QLD1,2024/04/29 07:00:00,6430.42,147.06,TRADE
QLD1,2024/04/29 07:05:00,6458.9,144.61,TRADE
QLD1,2024/04/29 07:10:00,6408.29,115.35,TRADE
QLD1,2024/04/29 07:15:00,6369.93,66.91,TRADE
QLD1,2024/04/29 07:20:00,6290.39,62.73,TRADE
QLD1,2024/04/29 07:25:00,6243.6,59.75,TRADE
QLD1,2024/04/29 07:30:00,6230.4,48.75,TRADE
QLD1,2024/04/29 07:35:00,6149.64,48.75,TRADE
QLD1,2024/04/29 07:40:00,6115.78,48.75,TRADE
QLD1,2024/04/29 07:45:00,6057.09,47.22,TRADE
QLD1,2024/04/29 07:50:00,6003.76,29.84,TRADE
QLD1,2024/04/29 07:55:00,6025.94,29.61,TRADE
QLD1,2024/04/29 08:00:00,5882.13,-10.40,TRADE
QLD1,2024/04/29 08:05:00,5841.97,34.60,TRADE
QLD1,2024/04/29 08:10:00,5793.92,32.75,TRADE
QLD1,2024/04/29 08:15:00,5677,34.55,TRADE
QLD1,2024/04/29 08:20:00,5637.45,38.75,TRADE
QLD1,2024/04/29 08:25:00,5628.09,34.55,TRADE
QLD1,2024/04/29 08:30:00,5523.12,-10.50,TRADE
QLD1,2024/04/29 08:35:00,5398,-10.80,TRADE
QLD1,2024/04/29 08:40:00,5476.61,18.84,TRADE
QLD1,2024/04/29 08:45:00,5376.62,-10.80,TRADE
QLD1,2024/04/29 08:50:00,5264.32,-4,TRADE
QLD1,2024/04/29 08:55:00,5305.83,-10.80,TRADE
QLD1,2024/04/29 09:00:00,5213,-20.50,TRADE
QLD1,2024/04/29 09:05:00,5158.74,-20.50,TRADE
QLD1,2024/04/29 09:10:00,5113.11,-20.50,TRADE
QLD1,2024/04/29 09:15:00,5150.82,-20.50,TRADE
QLD1,2024/04/29 09:20:00,5090.52,-20.50,TRADE
QLD1,2024/04/29 09:25:00,5007.09,-20.50,TRADE
QLD1,2024/04/29 09:30:00,4919.73,-20.50,TRADE
QLD1,2024/04/29 09:35:00,4935.65,-20.50,TRADE
QLD1,2024/04/29 09:40:00,4902.79,-20.50,TRADE
QLD1,2024/04/29 09:45:00,4817.84,-25.40,TRADE
QLD1,2024/04/29 09:50:00,4782.66,-35,TRADE
QLD1,2024/04/29 09:55:00,4708.39,-25.40,TRADE
QLD1,2024/04/29 10:00:00,4717.34,-35.82,TRADE
QLD1,2024/04/29 10:05:00,4711.51,-35.82,TRADE
QLD1,2024/04/29 10:10:00,4668.93,-35.82,TRADE
QLD1,2024/04/29 10:15:00,4675.63,-35.82,TRADE
QLD1,2024/04/29 10:20:00,4803.46,-20.50,TRADE
QLD1,2024/04/29 10:25:00,4760.4,-35,TRADE
QLD1,2024/04/29 10:30:00,4790.79,-25.40,TRADE
QLD1,2024/04/29 10:35:00,4832.11,-20.50,TRADE
QLD1,2024/04/29 10:40:00,4889.2,-35,TRADE
QLD1,2024/04/29 10:45:00,4880.54,-20.50,TRADE
QLD1,2024/04/29 10:50:00,4870.57,-35,TRADE
QLD1,2024/04/29 10:55:00,4906.26,-25.40,TRADE
QLD1,2024/04/29 11:00:00,4994.92,-20.50,TRADE
QLD1,2024/04/29 11:05:00,4944.16,-20.50,TRADE
QLD1,2024/04/29 11:10:00,4974.21,-10.80,TRADE
QLD1,2024/04/29 11:15:00,5014.72,22.34,TRADE
QLD1,2024/04/29 11:20:00,4963.15,0.40,TRADE
QLD1,2024/04/29 11:25:00,4992.03,8.45,TRADE
QLD1,2024/04/29 11:30:00,4943.75,-10.50,TRADE
QLD1,2024/04/29 11:35:00,4901.51,21.57,TRADE
QLD1,2024/04/29 11:40:00,5021.95,-10.80,TRADE
QLD1,2024/04/29 11:45:00,5006.4,-10,TRADE
QLD1,2024/04/29 11:50:00,4935.86,22.34,TRADE
QLD1,2024/04/29 11:55:00,4956.38,-10,TRADE
QLD1,2024/04/29 12:00:00,4906.58,-10.80,TRADE
QLD1,2024/04/29 12:05:00,5010.51,21.57,TRADE
QLD1,2024/04/29 12:10:00,5043.21,38.75,TRADE
QLD1,2024/04/29 12:15:00,4987.92,34.55,TRADE
QLD1,2024/04/29 12:20:00,5026.76,38.75,TRADE
QLD1,2024/04/29 12:25:00,5101.12,38.60,TRADE
QLD1,2024/04/29 12:30:00,5083.9,38.55,TRADE
QLD1,2024/04/29 12:35:00,5055,34.60,TRADE
QLD1,2024/04/29 12:40:00,5046.4,33.41,TRADE
QLD1,2024/04/29 12:45:00,5175.21,34.55,TRADE
QLD1,2024/04/29 12:50:00,5045.91,22.34,TRADE
QLD1,2024/04/29 12:55:00,5027.99,34.55,TRADE
QLD1,2024/04/29 13:00:00,5029.14,34.60,TRADE
QLD1,2024/04/29 13:05:00,5016.46,-10.50,TRADE
QLD1,2024/04/29 13:10:00,5035.19,-20.50,TRADE
QLD1,2024/04/29 13:15:00,5027.81,-20.50,TRADE
QLD1,2024/04/29 13:20:00,5136.69,-20.50,TRADE
QLD1,2024/04/29 13:25:00,5150.36,-20.50,TRADE
QLD1,2024/04/29 13:30:00,5101.6,-20.50,TRADE
QLD1,2024/04/29 13:35:00,4999.53,-31.18,TRADE
QLD1,2024/04/29 13:40:00,5107.23,-20.50,TRADE
QLD1,2024/04/29 13:45:00,5108.79,-10.80,TRADE
QLD1,2024/04/29 13:50:00,5161.29,7.81,TRADE
QLD1,2024/04/29 13:55:00,5162.68,23.62,TRADE
QLD1,2024/04/29 14:00:00,5275.67,23.62,TRADE
QLD1,2024/04/29 14:05:00,5351.94,29.61,TRADE
QLD1,2024/04/29 14:10:00,5397.08,48.60,TRADE
QLD1,2024/04/29 14:15:00,5422.6,94.12,TRADE
QLD1,2024/04/29 14:20:00,5548.83,95.35,TRADE
QLD1,2024/04/29 14:25:00,5496.65,-20.50,TRADE
QLD1,2024/04/29 14:30:00,5556.42,38.55,TRADE
QLD1,2024/04/29 14:35:00,5702.99,48.60,TRADE
QLD1,2024/04/29 14:40:00,5583.24,38.55,TRADE
QLD1,2024/04/29 14:45:00,5774.02,41.76,TRADE
QLD1,2024/04/29 14:50:00,5767.76,38.75,TRADE
QLD1,2024/04/29 14:55:00,5751.86,98.90,TRADE
QLD1,2024/04/29 15:00:00,5939.76,111.13,TRADE
QLD1,2024/04/29 15:05:00,5873.86,101.38,TRADE
QLD1,2024/04/29 15:10:00,5941.18,100.75,TRADE
QLD1,2024/04/29 15:15:00,5982.17,102.79,TRADE
QLD1,2024/04/29 15:20:00,6070.28,62.73,TRADE
QLD1,2024/04/29 15:25:00,6126.59,98.64,TRADE
QLD1,2024/04/29 15:30:00,6275.98,114.95,TRADE
QLD1,2024/04/29 15:35:00,6339.55,75.30,TRADE
QLD1,2024/04/29 15:40:00,6443.69,101.50,TRADE
QLD1,2024/04/29 15:45:00,6497.36,70.95,TRADE
QLD1,2024/04/29 15:50:00,6454.21,74.03,TRADE
QLD1,2024/04/29 15:55:00,6568.17,99.75,TRADE
QLD1,2024/04/29 16:00:00,6610.75,138.46,TRADE
QLD1,2024/04/29 16:05:00,6641.61,75.87,TRADE
QLD1,2024/04/29 16:10:00,6740.35,100.75,TRADE
QLD1,2024/04/29 16:15:00,6863.81,128.14,TRADE
QLD1,2024/04/29 16:20:00,6922.34,156.67,TRADE
QLD1,2024/04/29 16:25:00,6970.12,129.52,TRADE
QLD1,2024/04/29 16:30:00,7060.6,277.02,TRADE
QLD1,2024/04/29 16:35:00,7247.13,192.23,TRADE
QLD1,2024/04/29 16:40:00,7089.62,169.87,TRADE
QLD1,2024/04/29 16:45:00,7227.39,282.17,TRADE
QLD1,2024/04/29 16:50:00,7224.16,280.45,TRADE
QLD1,2024/04/29 16:55:00,7251.72,284.36,TRADE
QLD1,2024/04/29 17:00:00,7228.99,286.21,TRADE
QLD1,2024/04/29 17:05:00,7363.72,290.78,TRADE
QLD1,2024/04/29 17:10:00,7294.91,261.61,TRADE
QLD1,2024/04/29 17:15:00,7351.36,263.01,TRADE
QLD1,2024/04/29 17:20:00,7438.5,263.01,TRADE
QLD1,2024/04/29 17:25:00,7541.8,433.88,TRADE
QLD1,2024/04/29 17:30:00,7574.21,370.73,TRADE
QLD1,2024/04/29 17:35:00,7587.82,370.73,TRADE
QLD1,2024/04/29 17:40:00,7614.27,372.38,TRADE
QLD1,2024/04/29 17:45:00,7683.67,370.73,TRADE
QLD1,2024/04/29 17:50:00,7673.08,289.98,TRADE
QLD1,2024/04/29 17:55:00,7663.75,285.75,TRADE
QLD1,2024/04/29 18:00:00,7767.99,354.68,TRADE
QLD1,2024/04/29 18:05:00,7657.82,249.65,TRADE
QLD1,2024/04/29 18:10:00,7608.09,249.65,TRADE
QLD1,2024/04/29 18:15:00,7683.01,227.12,TRADE
QLD1,2024/04/29 18:20:00,7594.43,249.65,TRADE
QLD1,2024/04/29 18:25:00,7569.4,184.25,TRADE
QLD1,2024/04/29 18:30:00,7563.49,138.97,TRADE
QLD1,2024/04/29 18:35:00,7498.27,154.07,TRADE
QLD1,2024/04/29 18:40:00,7473.01,131.20,TRADE
QLD1,2024/04/29 18:45:00,7503.86,129.83,TRADE
QLD1,2024/04/29 18:50:00,7442.19,148.37,TRADE
QLD1,2024/04/29 18:55:00,7463.23,229.85,TRADE
QLD1,2024/04/29 19:00:00,7431.1,233.01,TRADE
QLD1,2024/04/29 19:05:00,7410.66,254.80,TRADE
QLD1,2024/04/29 19:10:00,7340.63,138.57,TRADE
QLD1,2024/04/29 19:15:00,7284.29,138.97,TRADE
QLD1,2024/04/29 19:20:00,7323.1,182.79,TRADE
QLD1,2024/04/29 19:25:00,7309.96,194.01,TRADE
QLD1,2024/04/29 19:30:00,7219.68,138.97,TRADE
QLD1,2024/04/29 19:35:00,7140.27,138.97,TRADE
QLD1,2024/04/29 19:40:00,7062.55,135.42,TRADE
QLD1,2024/04/29 19:45:00,7079.73,130.90,TRADE
QLD1,2024/04/29 19:50:00,7084.98,138.97,TRADE
QLD1,2024/04/29 19:55:00,7131.13,141.23,TRADE
QLD1,2024/04/29 20:00:00,7225.61,142.02,TRADE
QLD1,2024/04/29 20:05:00,7190.99,138.97,TRADE
QLD1,2024/04/29 20:10:00,7116.3,138.03,TRADE
QLD1,2024/04/29 20:15:00,7098.85,136.93,TRADE
QLD1,2024/04/29 20:20:00,7082.95,138.44,TRADE
QLD1,2024/04/29 20:25:00,6957.64,131.54,TRADE
QLD1,2024/04/29 20:30:00,6963.74,113.01,TRADE
QLD1,2024/04/29 20:35:00,6925.08,138.29,TRADE
QLD1,2024/04/29 20:40:00,6939.57,186.44,TRADE
QLD1,2024/04/29 20:45:00,6868.23,138.97,TRADE
QLD1,2024/04/29 20:50:00,6909.07,138.97,TRADE
QLD1,2024/04/29 20:55:00,6789.87,135.73,TRADE
QLD1,2024/04/29 21:00:00,6781.89,134.54,TRADE
QLD1,2024/04/29 21:05:00,6718.61,115.75,TRADE
QLD1,2024/04/29 21:10:00,6731.63,120,TRADE
QLD1,2024/04/29 21:15:00,6748.01,132.98,TRADE
QLD1,2024/04/29 21:20:00,6736.18,120,TRADE
QLD1,2024/04/29 21:25:00,6656.37,113.01,TRADE
QLD1,2024/04/29 21:30:00,6534.89,100.99,TRADE
QLD1,2024/04/29 21:35:00,6569.72,104.68,TRADE
QLD1,2024/04/29 21:40:00,6483.09,100.75,TRADE
QLD1,2024/04/29 21:45:00,6465.81,105.73,TRADE
QLD1,2024/04/29 21:50:00,6503.01,107.04,TRADE
QLD1,2024/04/29 21:55:00,6434.29,107.19,TRADE
QLD1,2024/04/29 22:00:00,6389.46,81.96,TRADE
QLD1,2024/04/29 22:05:00,6405.21,115.45,TRADE
QLD1,2024/04/29 22:10:00,6400.93,261.55,TRADE
QLD1,2024/04/29 22:15:00,6314.06,146.11,TRADE
QLD1,2024/04/29 22:20:00,6363.88,172.02,TRADE
QLD1,2024/04/29 22:25:00,6307.62,163.50,TRADE
QLD1,2024/04/29 22:30:00,6267.22,149.32,TRADE
QLD1,2024/04/29 22:35:00,6235.46,160.32,TRADE
QLD1,2024/04/29 22:40:00,6170.52,262.81,TRADE
QLD1,2024/04/29 22:45:00,6213.94,211.47,TRADE
QLD1,2024/04/29 22:50:00,6189.35,149.32,TRADE
QLD1,2024/04/29 22:55:00,6031.28,115.75,TRADE
QLD1,2024/04/29 23:00:00,6112.3,107.30,TRADE
QLD1,2024/04/29 23:05:00,5962.13,105.65,TRADE
QLD1,2024/04/29 23:10:00,5994.44,151.08,TRADE
QLD1,2024/04/29 23:15:00,5946.78,140.15,TRADE
QLD1,2024/04/29 23:20:00,5994.94,142.28,TRADE
QLD1,2024/04/29 23:25:00,5884.17,115.75,TRADE
QLD1,2024/04/29 23:30:00,5858.41,138.63,TRADE
QLD1,2024/04/29 23:35:00,5794.58,133.54,TRADE
QLD1,2024/04/29 23:40:00,5853.93,137.39,TRADE
QLD1,2024/04/29 23:45:00,5757.27,103.19,TRADE
QLD1,2024/04/29 23:50:00,5789.86,104.58,TRADE
QLD1,2024/04/29 23:55:00,5697.76,102.14,TRADE
QLD1,2024/04/30 00:00:00,5760.67,103.90,TRADE
QLD1,2024/04/30 00:05:00,5712.77,115.75,TRADE
QLD1,2024/04/30 00:10:00,5735.13,138.98,TRADE
QLD1,2024/04/30 00:15:00,5648.03,115.75,TRADE
QLD1,2024/04/30 00:20:00,5648.84,105.66,TRADE
QLD1,2024/04/30 00:25:00,5635.86,105.63,TRADE
QLD1,2024/04/30 00:30:00,5558.43,85.55,TRADE
QLD1,2024/04/30 00:35:00,5507.22,114.75,TRADE
QLD1,2024/04/30 00:40:00,5611.25,122.07,TRADE
QLD1,2024/04/30 00:45:00,5614.17,122.41,TRADE
QLD1,2024/04/30 00:50:00,5492.13,100.75,TRADE
QLD1,2024/04/30 00:55:00,5478.99,99.32,TRADE
QLD1,2024/04/30 01:00:00,5484.72,100.75,TRADE
QLD1,2024/04/30 01:05:00,5515.5,103.09,TRADE
QLD1,2024/04/30 01:10:00,5523.7,120.28,TRADE
QLD1,2024/04/30 01:15:00,5544.54,115.75,TRADE
QLD1,2024/04/30 01:20:00,5475.66,115.33,TRADE
QLD1,2024/04/30 01:25:00,5441.59,101.60,TRADE
QLD1,2024/04/30 01:30:00,5488.35,81.62,TRADE
QLD1,2024/04/30 01:35:00,5453.67,99.32,TRADE
QLD1,2024/04/30 01:40:00,5396.36,85.55,TRADE
QLD1,2024/04/30 01:45:00,5462.81,100.75,TRADE
QLD1,2024/04/30 01:50:00,5531.92,99.32,TRADE
QLD1,2024/04/30 01:55:00,5426.25,97.72,TRADE
QLD1,2024/04/30 02:00:00,5480.18,85.55,TRADE
QLD1,2024/04/30 02:05:00,5454.42,99.32,TRADE
QLD1,2024/04/30 02:10:00,5470.12,110.97,TRADE
QLD1,2024/04/30 02:15:00,5458.39,104.36,TRADE
QLD1,2024/04/30 02:20:00,5451.27,102.34,TRADE
QLD1,2024/04/30 02:25:00,5460.35,89.72,TRADE
QLD1,2024/04/30 02:30:00,5477.55,85.55,TRADE
QLD1,2024/04/30 02:35:00,5437.67,91.60,TRADE
QLD1,2024/04/30 02:40:00,5431.05,99.70,TRADE
QLD1,2024/04/30 02:45:00,5409.78,99.32,TRADE
QLD1,2024/04/30 02:50:00,5491.41,103.77,TRADE
QLD1,2024/04/30 02:55:00,5450.37,99.32,TRADE
QLD1,2024/04/30 03:00:00,5490.21,91.78,TRADE
QLD1,2024/04/30 03:05:00,5519.87,100.75,TRADE
QLD1,2024/04/30 03:10:00,5486.25,99.16,TRADE
QLD1,2024/04/30 03:15:00,5451.85,100.75,TRADE
QLD1,2024/04/30 03:20:00,5521.25,105.53,TRADE
QLD1,2024/04/30 03:25:00,5477.76,100.75,TRADE
QLD1,2024/04/30 03:30:00,5500.71,95.47,TRADE
QLD1,2024/04/30 03:35:00,5469.23,99.64,TRADE
QLD1,2024/04/30 03:40:00,5473.36,99.32,TRADE
QLD1,2024/04/30 03:45:00,5486.47,99.32,TRADE
QLD1,2024/04/30 03:50:00,5481.35,85.60,TRADE
QLD1,2024/04/30 03:55:00,5508.74,85.55,TRADE
QLD1,2024/04/30 04:00:00,5550.51,99.20,TRADE
QLD1,2024/04/30 04:05:00,5550.25,82.46,TRADE
QLD1,2024/04/30 04:10:00,5595.04,105.51,TRADE
QLD1,2024/04/30 04:15:00,5662.99,99.32,TRADE
QLD1,2024/04/30 04:20:00,5604.31,85.55,TRADE
QLD1,2024/04/30 04:25:00,5644.07,100.75,TRADE
QLD1,2024/04/30 04:30:00,5622.98,100.75,TRADE
QLD1,2024/04/30 04:35:00,5680.14,84.83,TRADE
QLD1,2024/04/30 04:40:00,5664.47,99.32,TRADE
QLD1,2024/04/30 04:45:00,5641.05,84.26,TRADE
QLD1,2024/04/30 04:50:00,5714.1,99.32,TRADE
QLD1,2024/04/30 04:55:00,5756.83,99.32,TRADE
QLD1,2024/04/30 05:00:00,5738.6,102.80,TRADE
QLD1,2024/04/30 05:05:00,5825.85,104.92,TRADE
QLD1,2024/04/30 05:10:00,5928.06,115.99,TRADE
QLD1,2024/04/30 05:15:00,5944.94,148.08,TRADE
QLD1,2024/04/30 05:20:00,5868.99,100.75,TRADE
QLD1,2024/04/30 05:25:00,5875.74,100.75,TRADE
QLD1,2024/04/30 05:30:00,6051.68,115.75,TRADE
QLD1,2024/04/30 05:35:00,6002.3,109.03,TRADE
QLD1,2024/04/30 05:40:00,6001.7,115,TRADE
QLD1,2024/04/30 05:45:00,6001.22,102.18,TRADE
QLD1,2024/04/30 05:50:00,6059.67,114.35,TRADE
QLD1,2024/04/30 05:55:00,6092.59,116.73,TRADE
QLD1,2024/04/30 06:00:00,6120.68,115.75,TRADE
QLD1,2024/04/30 06:05:00,6137.17,115.75,TRADE
QLD1,2024/04/30 06:10:00,6159.11,138.86,TRADE
QLD1,2024/04/30 06:15:00,6307.08,163.58,TRADE
QLD1,2024/04/30 06:20:00,6249.49,116.06,TRADE
QLD1,2024/04/30 06:25:00,6301.28,160.57,TRADE
QLD1,2024/04/30 06:30:00,6381.99,194.01,TRADE
QLD1,2024/04/30 06:35:00,6320.79,119.86,TRADE
QLD1,2024/04/30 06:40:00,6407.42,138.98,TRADE
QLD1,2024/04/30 06:45:00,6417.23,161.40,TRADE
QLD1,2024/04/30 06:50:00,6475.71,222.86,TRADE
QLD1,2024/04/30 06:55:00,6430.57,224.32,TRADE
QLD1,2024/04/30 07:00:00,6452.55,138.98,TRADE
QLD1,2024/04/30 07:05:00,6469.06,150,TRADE
QLD1,2024/04/30 07:10:00,6376.44,113.77,TRADE
QLD1,2024/04/30 07:15:00,6353.65,102.58,TRADE
QLD1,2024/04/30 07:20:00,6358.39,110.24,TRADE
QLD1,2024/04/30 07:25:00,6345.5,121.23,TRADE
QLD1,2024/04/30 07:30:00,6219.04,100.05,TRADE
QLD1,2024/04/30 07:35:00,6191.03,86.10,TRADE
QLD1,2024/04/30 07:40:00,6078.43,93.37,TRADE
QLD1,2024/04/30 07:45:00,6048.41,62.73,TRADE
QLD1,2024/04/30 07:50:00,6086.37,71.05,TRADE
QLD1,2024/04/30 07:55:00,5931.7,81.83,TRADE
QLD1,2024/04/30 08:00:00,5947.02,51.04,TRADE
QLD1,2024/04/30 08:05:00,5880.63,38.75,TRADE
QLD1,2024/04/30 08:10:00,5944.67,48.55,TRADE
QLD1,2024/04/30 08:15:00,5882.04,44.56,TRADE
QLD1,2024/04/30 08:20:00,5784.41,48.75,TRADE
QLD1,2024/04/30 08:25:00,5636.84,24.32,TRADE
QLD1,2024/04/30 08:30:00,5624.3,31.88,TRADE
QLD1,2024/04/30 08:35:00,5500.73,21.57,TRADE
QLD1,2024/04/30 08:40:00,5481.58,34.55,TRADE
QLD1,2024/04/30 08:45:00,5356.44,21.57,TRADE
QLD1,2024/04/30 08:50:00,5343.45,5.33,TRADE
QLD1,2024/04/30 08:55:00,5305.26,-10.80,TRADE
QLD1,2024/04/30 09:00:00,5239.26,-20.50,TRADE
QLD1,2024/04/30 09:05:00,5235,-20.50,TRADE
QLD1,2024/04/30 09:10:00,5193.87,-20.50,TRADE
QLD1,2024/04/30 09:15:00,5062.51,-20.50,TRADE
QLD1,2024/04/30 09:20:00,4982.17,-20.50,TRADE
QLD1,2024/04/30 09:25:00,5011.06,-20.50,TRADE
QLD1,2024/04/30 09:30:00,4944.18,-20.50,TRADE
QLD1,2024/04/30 09:35:00,4913.37,-20.50,TRADE
QLD1,2024/04/30 09:40:00,4882.78,-20.50,TRADE
QLD1,2024/04/30 09:45:00,4882.84,-20.50,TRADE
QLD1,2024/04/30 09:50:00,4881.13,-20.50,TRADE
QLD1,2024/04/30 09:55:00,4821.93,-25.40,TRADE
QLD1,2024/04/30 10:00:00,4778.68,-35,TRADE
QLD1,2024/04/30 10:05:00,4811.95,-20.50,TRADE
QLD1,2024/04/30 10:10:00,4773.68,-35,TRADE
QLD1,2024/04/30 10:15:00,4817.72,-25.40,TRADE
QLD1,2024/04/30 10:20:00,4913.36,-36.57,TRADE
QLD1,2024/04/30 10:25:00,4859.67,-36.57,TRADE
QLD1,2024/04/30 10:30:00,4937.97,-35.82,TRADE
QLD1,2024/04/30 10:35:00,4945.09,-25.40,TRADE
QLD1,2024/04/30 10:40:00,5020.08,-20.50,TRADE
QLD1,2024/04/30 10:45:00,5068.65,-10.80,TRADE
QLD1,2024/04/30 10:50:00,5071.58,-20.50,TRADE
QLD1,2024/04/30 10:55:00,5132.99,10.30,TRADE
QLD1,2024/04/30 11:00:00,5124.32,-10,TRADE
QLD1,2024/04/30 11:05:00,5117.96,22.34,TRADE
QLD1,2024/04/30 11:10:00,5134.47,21.57,TRADE
QLD1,2024/04/30 11:15:00,5099.88,-10.80,TRADE
QLD1,2024/04/30 11:20:00,5083.09,-20.50,TRADE
QLD1,2024/04/30 11:25:00,5072.05,-4,TRADE
QLD1,2024/04/30 11:30:00,5082.77,31.88,TRADE
QLD1,2024/04/30 11:35:00,5114.77,31.88,TRADE
QLD1,2024/04/30 11:40:00,5135.98,34.60,TRADE
QLD1,2024/04/30 11:45:00,5177.87,39.03,TRADE
QLD1,2024/04/30 11:50:00,5213.77,38.75,TRADE
QLD1,2024/04/30 11:55:00,5162.16,38.75,TRADE
QLD1,2024/04/30 12:00:00,5161.76,38.60,TRADE
QLD1,2024/04/30 12:05:00,5121.2,11.37,TRADE
QLD1,2024/04/30 12:10:00,5185.51,38.75,TRADE
QLD1,2024/04/30 12:15:00,5201.66,38.75,TRADE
QLD1,2024/04/30 12:20:00,5260.95,38.75,TRADE
QLD1,2024/04/30 12:25:00,5231.71,2.72,TRADE
QLD1,2024/04/30 12:30:00,5260.7,38.75,TRADE
QLD1,2024/04/30 12:35:00,5268.33,38.55,TRADE
QLD1,2024/04/30 12:40:00,5310.19,-10.40,TRADE
QLD1,2024/04/30 12:45:00,5266.34,-10.40,TRADE
QLD1,2024/04/30 12:50:00,5337.6,38.75,TRADE
QLD1,2024/04/30 12:55:00,5327.85,38.55,TRADE
QLD1,2024/04/30 13:00:00,5430.79,55.51,TRADE
QLD1,2024/04/30 13:05:00,5434.48,48.55,TRADE
QLD1,2024/04/30 13:10:00,5408.92,38.75,TRADE
QLD1,2024/04/30 13:15:00,5390.81,48.55,TRADE
QLD1,2024/04/30 13:20:00,5450.12,57.21,TRADE
QLD1,2024/04/30 13:25:00,5380.01,44.13,TRADE
QLD1,2024/04/30 13:30:00,5469.37,62.38,TRADE
QLD1,2024/04/30 13:35:00,5483.84,130.86,TRADE
QLD1,2024/04/30 13:40:00,5470.21,67.08,TRADE
QLD1,2024/04/30 13:45:00,5609.54,66.66,TRADE
QLD1,2024/04/30 13:50:00,5649.89,62.73,TRADE
QLD1,2024/04/30 13:55:00,5651.91,59.55,TRADE
QLD1,2024/04/30 14:00:00,5729.85,80.83,TRADE
QLD1,2024/04/30 14:05:00,5794.37,62.73,TRADE
QLD1,2024/04/30 14:10:00,5820.94,62.73,TRADE
QLD1,2024/04/30 14:15:00,5888.13,63.28,TRADE
QLD1,2024/04/30 14:20:00,5929.92,69.30,TRADE
QLD1,2024/04/30 14:25:00,5934.56,68.38,TRADE
QLD1,2024/04/30 14:30:00,6008.42,65.95,TRADE
QLD1,2024/04/30 14:35:00,6029.82,66.49,TRADE
QLD1,2024/04/30 14:40:00,5962.59,73.28,TRADE
QLD1,2024/04/30 14:45:00,5942.65,75.77,TRADE
QLD1,2024/04/30 14:50:00,5976.12,119.44,TRADE
QLD1,2024/04/30 14:55:00,6042.47,134.89,TRADE
QLD1,2024/04/30 15:00:00,6039.65,109.42,TRADE
QLD1,2024/04/30 15:05:00,6119.82,100.75,TRADE
QLD1,2024/04/30 15:10:00,6166.12,129.11,TRADE
QLD1,2024/04/30 15:15:00,6228.73,136.75,TRADE
QLD1,2024/04/30 15:20:00,6334.47,136.11,TRADE
QLD1,2024/04/30 15:25:00,6416.43,100.75,TRADE
QLD1,2024/04/30 15:30:00,6523.72,131.12,TRADE
QLD1,2024/04/30 15:35:00,6604.2,246.58,TRADE
QLD1,2024/04/30 15:40:00,6566.82,133.09,TRADE
QLD1,2024/04/30 15:45:00,6684.25,135.06,TRADE
QLD1,2024/04/30 15:50:00,6728.61,100.75,TRADE
QLD1,2024/04/30 15:55:00,6769.56,128.88,TRADE
QLD1,2024/04/30 16:00:00,6820.24,106.11,TRADE
QLD1,2024/04/30 16:05:00,6888.7,109.01,TRADE
QLD1,2024/04/30 16:10:00,6848.71,105.72,TRADE
QLD1,2024/04/30 16:15:00,6943.45,99.32,TRADE
QLD1,2024/04/30 16:20:00,7025.29,137.81,TRADE
QLD1,2024/04/30 16:25:00,7124.37,99.32,TRADE
QLD1,2024/04/30 16:30:00,7136.93,138.98,TRADE
QLD1,2024/04/30 16:35:00,7239.19,115.75,TRADE
QLD1,2024/04/30 16:40:00,7199.26,138.98,TRADE
QLD1,2024/04/30 16:45:00,7252.89,168.10,TRADE
QLD1,2024/04/30 16:50:00,7307.72,194.01,TRADE
QLD1,2024/04/30 16:55:00,7325.51,194.01,TRADE
QLD1,2024/04/30 17:00:00,7411.48,278.68,TRADE
QLD1,2024/04/30 17:05:00,7441.52,190.49,TRADE
QLD1,2024/04/30 17:10:00,7443.97,144.61,TRADE
QLD1,2024/04/30 17:15:00,7489.27,285.75,TRADE
QLD1,2024/04/30 17:20:00,7499.41,194.01,TRADE
QLD1,2024/04/30 17:25:00,7526.34,249.65,TRADE
QLD1,2024/04/30 17:30:00,7618.88,291.62,TRADE
QLD1,2024/04/30 17:35:00,7640.78,301.67,TRADE
QLD1,2024/04/30 17:40:00,7653.88,263.01,TRADE
QLD1,2024/04/30 17:45:00,7687.61,286.54,TRADE
QLD1,2024/04/30 17:50:00,7764.43,298.22,TRADE
QLD1,2024/04/30 17:55:00,7746.89,322.48,TRADE
QLD1,2024/04/30 18:00:00,7658.86,249.65,TRADE
QLD1,2024/04/30 18:05:00,7730.51,263.01,TRADE
QLD1,2024/04/30 18:10:00,7627.36,204,TRADE
QLD1,2024/04/30 18:15:00,7717.59,249.65,TRADE
QLD1,2024/04/30 18:20:00,7652.03,211.52,TRADE
QLD1,2024/04/30 18:25:00,7685.92,144.61,TRADE
QLD1,2024/04/30 18:30:00,7696.66,217.14,TRADE
QLD1,2024/04/30 18:35:00,7598.8,263.01,TRADE
QLD1,2024/04/30 18:40:00,7600.67,212.57,TRADE
QLD1,2024/04/30 18:45:00,7574.84,210.83,TRADE
QLD1,2024/04/30 18:50:00,7602.55,237.71,TRADE
QLD1,2024/04/30 18:55:00,7530.71,222.56,TRADE
QLD1,2024/04/30 19:00:00,7478.41,138.97,TRADE
QLD1,2024/04/30 19:05:00,7520.54,191.78,TRADE
QLD1,2024/04/30 19:10:00,7413.76,145.20,TRADE
QLD1,2024/04/30 19:15:00,7373.4,145.20,TRADE
QLD1,2024/04/30 19:20:00,7338.17,145.20,TRADE
QLD1,2024/04/30 19:25:00,7338.45,145.20,TRADE
QLD1,2024/04/30 19:30:00,7342.7,138.97,TRADE
QLD1,2024/04/30 19:35:00,7257.71,175.39,TRADE
QLD1,2024/04/30 19:40:00,7282.62,147.16,TRADE
QLD1,2024/04/30 19:45:00,7259.83,152.32,TRADE
QLD1,2024/04/30 19:50:00,7273.48,150.80,TRADE
QLD1,2024/04/30 19:55:00,7302.22,155.10,TRADE
QLD1,2024/04/30 20:00:00,7319.07,152.76,TRADE
QLD1,2024/04/30 20:05:00,7262.75,152.35,TRADE
QLD1,2024/04/30 20:10:00,7274.54,198.60,TRADE
QLD1,2024/04/30 20:15:00,7259.53,197.19,TRADE
QLD1,2024/04/30 20:20:00,7201.32,145.20,TRADE
QLD1,2024/04/30 20:25:00,7125,146.40,TRADE
QLD1,2024/04/30 20:30:00,7001.74,131.13,TRADE
QLD1,2024/04/30 20:35:00,6993.03,133.51,TRADE
QLD1,2024/04/30 20:40:00,6989.35,132.36,TRADE
QLD1,2024/04/30 20:45:00,6915.15,120,TRADE
QLD1,2024/04/30 20:50:00,6906.38,120,TRADE
QLD1,2024/04/30 20:55:00,6882.71,107.83,TRADE
QLD1,2024/04/30 21:00:00,6895.53,106.94,TRADE
QLD1,2024/04/30 21:05:00,6849.18,137.86,TRADE
QLD1,2024/04/30 21:10:00,6755.65,137.76,TRADE
QLD1,2024/04/30 21:15:00,6745.98,120,TRADE
QLD1,2024/04/30 21:20:00,6711.92,113.01,TRADE
QLD1,2024/04/30 21:25:00,6708.48,109.54,TRADE
QLD1,2024/04/30 21:30:00,6727.28,112.75,TRADE
QLD1,2024/04/30 21:35:00,6611.17,111.74,TRADE
QLD1,2024/04/30 21:40:00,6546.55,110.98,TRADE
QLD1,2024/04/30 21:45:00,6585.27,113.01,TRADE
QLD1,2024/04/30 21:50:00,6535,105.15,TRADE
QLD1,2024/04/30 21:55:00,6515.14,100.75,TRADE
QLD1,2024/04/30 22:00:00,6500.05,97.90,TRADE
QLD1,2024/04/30 22:05:00,6430.3,117.38,TRADE
QLD1,2024/04/30 22:10:00,6414.58,162.17,TRADE
QLD1,2024/04/30 22:15:00,6378.13,137.07,TRADE
QLD1,2024/04/30 22:20:00,6352.45,125.70,TRADE
QLD1,2024/04/30 22:25:00,6345.24,115.75,TRADE
QLD1,2024/04/30 22:30:00,6322.14,100.75,TRADE
QLD1,2024/04/30 22:35:00,6245.77,130.70,TRADE
QLD1,2024/04/30 22:40:00,6331.07,169.80,TRADE
QLD1,2024/04/30 22:45:00,6348.23,169.76,TRADE
QLD1,2024/04/30 22:50:00,6306.73,168.81,TRADE
QLD1,2024/04/30 22:55:00,6211.86,129.84,TRADE
QLD1,2024/04/30 23:00:00,6173.68,124.06,TRADE
QLD1,2024/04/30 23:05:00,6166.68,122.70,TRADE
QLD1,2024/04/30 23:10:00,6098.17,121.88,TRADE
QLD1,2024/04/30 23:15:00,6121.62,122.64,TRADE
QLD1,2024/04/30 23:20:00,6096.2,115.75,TRADE
QLD1,2024/04/30 23:25:00,6037.33,100.75,TRADE
QLD1,2024/04/30 23:30:00,5992.44,100.75,TRADE
QLD1,2024/04/30 23:35:00,5936.9,88.31,TRADE
QLD1,2024/04/30 23:40:00,5901.78,87.18,TRADE
QLD1,2024/04/30 23:45:00,5954.88,88.89,TRADE
QLD1,2024/04/30 23:50:00,5914.72,85.55,TRADE
QLD1,2024/04/30 23:55:00,5829,62.73,TRADE
QLD1,2024/05/01 00:00:00,5788.88,59.60,TRADE
